czas,bzdura,x,y,z
5.129508,ankieta PRZED_wysoki_minimalna ilość informacji,0.00, 2.95, 0.00
6.46292,False,0.00, 2.95, 0.00
6.46292,location,0.00, 2.95, 0.00
7.469537,location,0.00, 2.17, 2.50
7.76,diamond,0.00, 2.17, 4.00
8.32,diamond,0.00, 2.17, 6.80
8.476335,location,0.00, 2.17, 7.50
8.98,diamond,0.00, 2.17, 10.10
9.483128,location,0.00, 2.17, 12.60
9.66,diamond,0.00, 2.17, 13.50
10.34,diamond,0.00, 1.75, 16.90
10.37864,jump,0.00, 1.73, 17.00
10.48973,location,0.00, 2.84, 17.60
10.84,diamond,0.00, 4.84, 19.40
11.24,diamond,0.00, 4.79, 21.40
11.48975,location,0.00, 3.61, 22.60
12.08,diamond,0.00, -2.07, 25.20
12.49643,location,0.00, -2.68, 23.90
13.50311,location,2.01, -2.68, 22.79
14.50994,location,2.43, -2.68, 24.54
15.51666,location,2.46, -2.68, 24.64
16.52335,location,0.18, -2.68, 24.30
16.85663,jump,0.43, -2.68, 22.72
17.53014,location,0.83, 1.04, 19.73
18.53685,location,1.17, 2.30, 14.90
19.2659,jump,1.30, 2.34, 11.35
19.54364,location,1.52, 4.52, 9.97
20.54367,location,0.44, 2.71, 5.48
20.689329999999998,jump,0.18, 2.17, 4.88
21.55045,location,0.85, 5.17, 0.63
22.45285,jump,0.44, 2.18, -3.55
22.55695,location,0.52, 3.10, -4.04
23.56376,location,-1.07, 3.96, -5.36
24.57052,location,0.45, 2.21, -5.13
25.57716,location,0.45, 2.21, -5.13
26.58406,location,0.45, 2.21, -5.13
27.59079,location,0.24, 2.17, -2.01
28.5975,location,-0.20, 2.17, 1.69
29.60423,location,-1.29, 2.29, -2.94
30.61102,location,-4.60, 1.32, -5.40
31.61777,location,-4.49, 1.32, -5.17
32.60364,jump,-2.55, 1.32, -3.89
32.62445,location,-2.55, 1.51, -3.89
33.63131,location,-1.78, 3.56, -5.35
34.63798,location,-1.78, 2.20, -5.35
35.64469,location,-1.78, 2.20, -5.35
36.65143,location,-1.78, 2.20, -5.35
37.65821,location,-1.78, 2.20, -5.35
38.66497,location,-1.78, 2.20, -5.35
39.67168,location,-1.78, 2.20, -5.35
40.67841,location,-1.78, 2.20, -5.35
41.68518,location,-1.78, 2.20, -5.35
42.69202,location,-1.78, 2.20, -5.35
43.69867,location,-1.78, 2.20, -5.35
44.70557,location,-1.78, 2.20, -5.35
45.71222,location,-1.78, 2.20, -5.35
46.719,location,-1.78, 2.20, -5.35
47.72565,location,-1.78, 2.20, -5.35
48.73248,location,-1.78, 2.20, -5.35
49.73918,location,-1.78, 2.20, -5.35
50.74589,location,-1.78, 2.20, -5.35
51.75267,location,-1.78, 2.20, -5.35
52.75938,location,-1.78, 2.20, -5.35
53.76617,location,-1.78, 2.20, -5.35
54.7728,location,-1.78, 2.20, -5.35
55.77948,location,-1.78, 2.20, -5.35
56.78624,location,-1.78, 2.20, -5.35
57.78629,location,-1.78, 2.20, -5.35
58.79298,location,-1.78, 2.20, -5.35
59.79974,location,-1.78, 2.20, -5.35
60.80647,location,-1.78, 2.20, -5.35
61.81336,location,-1.78, 2.20, -5.35
62.81992,location,-1.78, 2.20, -5.35
63.82671,location,-1.78, 2.20, -5.35
64.83341,location,-1.78, 2.20, -5.35
65.84013,location,-1.78, 2.20, -5.35
66.84687,location,-1.78, 2.20, -5.35
67.85356,location,-1.78, 2.20, -5.35
68.85365,location,-1.78, 2.20, -5.35
69.86027,location,-1.78, 2.20, -5.35
70.86699,location,-1.78, 2.20, -5.35
71.87373,location,-1.78, 2.20, -5.35
72.8805,location,-1.78, 2.20, -5.35
73.88724,location,-1.78, 2.20, -5.35
74.89398,location,-1.78, 2.20, -5.35
75.90069,location,-1.78, 2.20, -5.35
76.90753,location,-1.78, 2.20, -5.35
77.91423,location,-1.78, 2.20, -5.35
78.92102,location,-1.78, 2.20, -5.35
79.92764,location,-1.78, 2.20, -5.35
80.92767,location,-1.78, 2.20, -5.35
81.93434,location,-1.78, 2.20, -5.35
82.94119,location,-1.78, 2.20, -5.35
83.94779,location,-1.78, 2.20, -5.35
84.95451,location,-1.78, 2.20, -5.35
85.96127,location,-1.78, 2.20, -5.35
86.96807,location,-1.78, 2.20, -5.35
87.97485,location,-1.78, 2.20, -5.35
88.9815,location,-1.78, 2.20, -5.35
89.98835,location,-1.78, 2.20, -5.35
90.99493,location,-1.78, 2.20, -5.35
92.00184,location,-1.78, 2.20, -5.35
93.00867,location,-1.78, 2.20, -5.35
94.01547,location,-1.78, 2.20, -5.35
95.02219,location,-1.78, 2.20, -5.35
96.02894,location,-1.78, 2.20, -5.35
97.03561,location,-1.78, 2.20, -5.35
98.04237,location,-1.78, 2.20, -5.35
99.0492,location,-1.78, 2.20, -5.35
100.0559,location,-1.78, 2.20, -5.35
101.0627,location,-1.78, 2.20, -5.35
102.0695,location,-1.78, 2.20, -5.35
103.0762,location,-1.59, 2.26, -5.40
104.083,location,-0.59, 2.26, -4.46
105.0896,location,0.21, 2.17, -4.41
106.0965,location,0.21, 2.17, -4.41
107.1031,location,0.21, 2.17, -4.41
108.1099,location,0.21, 2.17, -4.41
109.1166,location,0.21, 2.17, -4.41
110.1166,location,0.21, 2.17, -4.41
111.1234,location,0.21, 2.17, -4.41
112.13,location,0.21, 2.17, -4.41
113.1365,location,0.21, 2.17, -4.41
114.1366,location,0.21, 2.17, -4.41
115.1433,location,0.21, 2.17, -4.41
116.1498,location,0.21, 2.17, -4.41
117.15,location,0.21, 2.17, -4.41
118.1566,location,0.24, 2.17, -4.91
119.1633,location,0.29, 2.17, -5.35
120.1701,location,0.29, 2.17, -5.35
121.177,location,0.29, 2.17, -5.35
122.1837,location,0.29, 2.17, -5.35
123.1904,location,0.29, 2.17, -5.35
124.1969,location,0.43, 2.17, -1.75
125.2037,location,0.20, 2.17, 3.19
126.2104,location,-0.17, 2.17, 7.97
127.2105,location,0.02, 2.17, 12.97
128.2172,location,0.22, 1.70, 17.96
128.3422,jump,0.25, 1.38, 18.66
129.224,location,0.42, 4.22, 23.06
129.36,diamond,0.45, 3.60, 23.76
129.84,diamond,0.54, 1.32, 26.16
130.2307,location,0.61, 1.32, 28.06
130.3,diamond,0.34, 1.32, 28.35
131.02,diamond,0.68, 1.32, 31.62
131.2374,location,0.72, 1.32, 32.62
132.02,diamond,0.93, 1.32, 35.44
132.2442,location,0.62, 1.32, 36.50
132.66,diamond,-0.45, 1.32, 38.29
133.2509,location,-2.20, 1.32, 37.67
133.4731,jump,-3.18, 1.32, 37.17
134.2578,location,-6.67, 4.55, 35.43
135.2645,location,-9.36, 1.32, 33.96
136.2712,location,-9.36, 1.32, 34.07
136.6114,jump,-9.40, 1.32, 33.54
137.2779,location,-9.40, 4.63, 33.54
138.2848,location,-9.40, 1.32, 33.23
139.2914,location,-9.40, 1.32, 33.23
140.2983,location,-8.98, 1.32, 33.84
141.3049,location,-8.93, 1.24, 34.82
142.1173,jump,-9.41, 1.27, 35.01
142.3118,location,-9.41, 1.27, 35.01
143.034,jump,-9.41, 1.32, 34.22
143.3184,location,-8.84, 3.53, 34.40
144.3253,location,-4.25, 1.65, 33.69
144.34,diamond,-4.21, 1.46, 33.60
144.44,diamond,-4.02, 1.32, 33.14
144.46,diamond,-3.99, 1.32, 33.04
144.52,diamond,-3.93, 1.32, 32.75
144.6,diamond,-3.85, 1.32, 32.36
145.311,jump,-2.25, 1.28, 30.82
145.3319,location,-2.25, 1.28, 30.82
146.3388,location,-3.94, 1.32, 32.13
146.4567,jump,-3.94, 1.32, 32.13
147.34,diamond,-5.91, 4.31, 31.95
147.3454,location,-5.91, 4.31, 31.95
147.46,diamond,-5.95, 3.79, 31.35
147.58,diamond,-6.41, 3.82, 30.96
147.6,diamond,-6.48, 3.86, 30.89
147.68,diamond,-6.86, 4.05, 30.85
147.74,diamond,-7.16, 4.20, 30.87
147.82,diamond,-7.55, 4.40, 30.95
147.82,diamond,-7.55, 4.40, 30.95
147.92,diamond,-8.03, 4.64, 31.09
147.98,diamond,-8.32, 4.78, 31.18
148.3522,location,-9.37, 5.33, 30.86
148.623,jump,-9.21, 5.25, 30.74
148.66,diamond,-9.04, 5.63, 30.63
148.7,diamond,-8.88, 5.99, 30.51
148.7,diamond,-8.88, 5.99, 30.51
149.3589,location,-9.35, 6.95, 30.89
149.6,diamond,-8.93, 6.20, 31.46
149.82,diamond,-8.16, 4.77, 32.15
150.359,location,-6.11, 3.77, 33.39
150.4076,jump,-5.82, 3.76, 33.32
151.3654,location,-1.43, 6.31, 34.43
152.3723,location,3.23, 1.30, 33.31
153.04,normal button enter,6.37, 1.32, 32.32
153.26,diamond,7.18, 1.32, 31.59
153.3791,location,7.67, 1.32, 31.55
154.3858,location,5.05, 1.30, 35.54
155.3926,location,1.75, 1.32, 38.75
156.06,diamond,-0.19, 1.32, 41.45
156.3993,location,-1.63, 1.32, 41.13
157.4061,location,-6.39, 1.32, 40.10
157.42,normal button enter,-6.48, 1.32, 40.14
158.413,location,-5.51, 1.32, 42.70
159.4198,location,-1.39, 1.32, 45.53
160.426,location,-1.64, 1.32, 47.97
161.4262,location,-1.64, 1.32, 47.97
162.4328,location,-1.64, 1.32, 47.97
163.4397,location,-1.64, 1.32, 47.97
164.4465,location,-1.64, 1.32, 47.97
165.453,location,-1.64, 1.32, 47.97
166.4597,location,-1.64, 1.32, 47.97
167.4665,location,-1.64, 1.32, 47.97
168.4732,location,-1.64, 1.32, 47.97
169.4799,location,-1.64, 1.32, 47.97
170.4867,location,-1.64, 1.32, 47.97
171.4934,location,-1.64, 1.32, 47.97
172.5003,location,-1.64, 1.32, 47.97
173.5069,location,-1.64, 1.32, 47.97
174.5137,location,-1.64, 1.32, 47.97
175.5205,location,-1.64, 1.32, 47.97
176.5273,location,-1.64, 1.32, 47.97
177.5339,location,-1.64, 1.32, 47.97
178.5408,location,-1.64, 1.32, 47.97
179.5475,location,-1.64, 1.32, 47.97
180.5541,location,-1.64, 1.32, 47.97
181.561,location,1.20, 1.32, 48.58
182.5677,location,4.48, 1.32, 47.39
183.5745,location,7.98, 1.30, 46.92
184.0193,jump,7.98, 1.30, 46.92
184.5813,location,7.98, 4.63, 46.92
185.5882,location,6.33, 1.30, 48.13
186.5883,location,6.40, 1.32, 51.71
187.5947,location,9.08, 1.32, 53.97
188.6015,location,13.24, 1.32, 52.96
189.6082,location,14.56, 1.32, 48.13
190.18,red key,15.32, 1.32, 45.34
190.6149,location,15.61, 1.32, 44.27
191.6217,location,15.61, 1.32, 44.27
192.6285,location,15.62, 1.32, 44.37
193.6352,location,15.59, 1.32, 49.21
194.6419,location,13.32, 1.32, 53.67
195.6487,location,8.92, 1.32, 55.16
196.6555,location,4.22, 1.32, 55.80
197.62,diamond,-0.61, 1.32, 56.32
197.6623,location,-0.80, 1.32, 56.39
198.06,diamond,-2.65, 1.32, 56.38
198.669,location,-5.42, 1.32, 56.34
198.7,diamond,-5.61, 1.32, 56.25
199.32,diamond,-8.47, 1.32, 56.17
199.6757,location,-10.06, 1.32, 56.52
200.12,diamond,-12.16, 1.32, 55.93
200.6825,location,-14.75, 1.32, 56.05
201.6893,location,-15.41, 1.32, 56.60
202.6959,location,-16.90, 1.32, 56.51
203.7027,location,-18.22, 1.31, 57.42
204.7095,location,-19.41, 1.31, 57.71
205.7162,location,-16.23, 1.32, 57.71
206.7229,location,-15.81, 1.32, 55.57
207.04,diamond,-16.09, 1.32, 54.00
207.04,diamond,-16.09, 1.32, 54.00
207.08,diamond,-16.12, 1.32, 53.80
207.1,diamond,-16.14, 1.32, 53.70
207.14,diamond,-16.17, 1.32, 53.50
207.3,diamond,-16.29, 1.32, 52.71
207.32,diamond,-16.31, 1.32, 52.61
207.46,diamond,-16.35, 1.32, 51.92
207.52,diamond,-16.34, 1.32, 51.62
207.7297,location,-16.31, 1.32, 50.62
207.78,diamond,-16.31, 1.32, 50.32
207.8,diamond,-16.30, 1.32, 50.22
207.96,diamond,-16.28, 1.32, 49.42
208.08,diamond,-16.27, 1.32, 48.82
208.1,diamond,-16.27, 1.32, 48.72
208.12,diamond,-16.26, 1.32, 48.62
208.14,diamond,-16.26, 1.32, 48.52
208.18,diamond,-16.25, 1.32, 48.32
208.2,diamond,-16.18, 1.32, 48.25
208.7365,location,-16.08, 1.32, 46.13
208.76,diamond,-16.20, 1.32, 45.97
208.78,diamond,-16.25, 1.32, 45.88
208.84,diamond,-16.20, 1.32, 45.59
208.88,diamond,-16.17, 1.32, 45.39
208.88,diamond,-16.17, 1.32, 45.39
209.08,diamond,-16.05, 1.32, 44.40
209.1,diamond,-16.08, 1.32, 44.31
209.1,diamond,-16.08, 1.32, 44.31
209.58,diamond,-18.20, 1.29, 44.28
209.6,diamond,-18.30, 1.29, 44.27
209.7432,location,-18.99, 1.29, 44.17
209.78,diamond,-19.19, 1.29, 44.15
209.86,diamond,-19.59, 1.29, 44.09
209.88,diamond,-19.69, 1.29, 44.08
209.98,diamond,-20.18, 1.29, 44.01
210,diamond,-20.28, 1.29, 43.99
210.7499,location,-20.62, 1.29, 44.16
210.96,diamond,-20.65, 1.29, 44.36
210.98,diamond,-20.67, 1.29, 44.46
211.44,diamond,-20.48, 1.29, 46.61
211.46,diamond,-20.49, 1.29, 46.71
211.56,diamond,-20.40, 1.29, 47.16
211.58,diamond,-20.34, 1.29, 47.24
211.6,diamond,-20.27, 1.29, 47.32
211.7567,location,-20.05, 1.29, 47.93
211.8,diamond,-20.08, 1.29, 48.22
211.8,diamond,-20.08, 1.29, 48.22
211.82,diamond,-20.09, 1.29, 48.32
211.82,diamond,-20.09, 1.29, 48.32
212.14,diamond,-20.26, 1.29, 49.92
212.16,diamond,-20.27, 1.29, 50.01
212.36,diamond,-20.39, 1.29, 51.01
212.4,diamond,-20.42, 1.29, 51.21
212.42,diamond,-20.43, 1.29, 51.30
212.56,diamond,-20.53, 1.29, 52.00
212.58,diamond,-20.54, 1.29, 52.10
212.7635,location,-20.07, 1.29, 52.83
213.7702,location,-16.28, 1.32, 54.54
214.7769,location,-13.65, 1.32, 54.96
215.7837,location,-13.65, 1.32, 54.96
216.7905,location,-12.36, 1.32, 57.04
217.7973,location,-13.81, 1.32, 56.80
218.8039,location,-13.81, 1.32, 56.80
219.8107,location,-13.81, 1.32, 56.80
220.8175,location,-13.81, 1.32, 56.80
221.8243,location,-13.81, 1.32, 56.80
222.831,location,-13.81, 1.32, 56.80
223.8377,location,-15.00, 1.32, 57.32
224.8442,location,-15.00, 1.32, 57.32
225.8511,location,-15.00, 1.32, 57.32
226.8512,location,-18.31, 1.31, 56.71
227.8576,location,-22.25, 1.32, 53.81
227.94,diamond,-22.65, 1.32, 53.55
227.96,diamond,-22.68, 1.32, 53.46
228.14,diamond,-23.12, 1.32, 52.73
228.22,diamond,-23.49, 1.32, 52.57
228.24,diamond,-23.58, 1.32, 52.53
228.38,diamond,-24.23, 1.32, 52.26
228.42,diamond,-24.42, 1.32, 52.20
228.8644,location,-25.11, 1.32, 51.01
229.1,diamond,-24.86, 1.32, 49.91
229.12,diamond,-24.85, 1.32, 49.81
229.22,diamond,-24.94, 1.32, 49.33
229.24,diamond,-24.98, 1.32, 49.23
229.32,diamond,-25.11, 1.32, 48.86
229.62,diamond,-25.09, 1.32, 47.52
229.64,diamond,-25.00, 1.32, 47.49
229.8712,location,-23.99, 1.32, 47.72
229.88,diamond,-23.90, 1.32, 47.77
229.9,diamond,-23.81, 1.32, 47.81
230.58,diamond,-23.41, 1.32, 50.16
230.6,diamond,-23.40, 1.32, 50.26
230.8779,location,-22.77, 1.32, 51.37
231.46,diamond,-20.27, 1.29, 51.57
231.54,diamond,-20.00, 1.29, 51.27
231.8847,location,-18.44, 1.29, 50.80
232.8914,location,-16.90, 1.32, 46.13
233.2247,jump,-16.14, 1.32, 44.62
233.28,diamond,-15.98, 1.88, 44.37
233.8982,location,-15.78, 4.56, 43.33
234.9049,location,-19.39, 1.29, 44.31
235.52,diamond,-22.21, 1.32, 43.90
235.52,diamond,-22.21, 1.32, 43.90
235.68,diamond,-22.88, 1.32, 44.02
235.68,diamond,-22.88, 1.32, 44.02
235.7,diamond,-22.95, 1.32, 44.09
235.86,diamond,-23.57, 1.32, 44.53
235.88,diamond,-23.67, 1.32, 44.54
235.9116,location,-23.77, 1.32, 44.54
235.96,diamond,-24.07, 1.32, 44.55
235.98,diamond,-24.17, 1.32, 44.55
236.6754,jump,-24.33, 1.32, 46.38
236.9184,location,-24.57, 3.29, 47.54
237.9252,location,-25.19, 2.05, 51.68
238.64,lock unlockedredKey,-25.09, 1.32, 54.55
238.9318,location,-25.49, 1.32, 55.04
239.2234,jump,-25.33, 1.32, 56.49
239.9387,location,-25.13, 4.54, 57.68
240.9454,location,-28.40, 1.32, 56.67
241.32,hold button enter,-30.27, 1.32, 56.34
241.48,diamond,-31.04, 1.32, 56.39
241.9522,location,-32.39, 1.32, 55.07
242.08,hold button leave,-32.49, 1.32, 54.38
242.9589,location,-33.61, 1.32, 50.50
243.9657,location,-38.22, 1.32, 49.71
244.9725,location,-43.13, 1.32, 48.88
245.9792,location,-47.45, 1.31, 48.75
246.9859,location,-47.45, 1.31, 48.75
247.9927,location,-47.45, 1.31, 48.75
248.9995,location,-47.45, 1.31, 48.75
249.1452,jump,-47.45, 1.31, 48.75
250.0062,location,-48.17, 3.19, 48.32
251.0129,location,-48.17, 2.40, 48.32
252.0197,location,-47.96, 2.37, 47.86
253.0265,location,-47.96, 2.37, 47.86
253.7207,jump,-47.96, 2.37, 47.86
254.0332,location,-47.96, 3.42, 47.86
255.0399,location,-47.53, 2.29, 48.41
255.0538,jump,-47.46, 2.20, 48.49
256.0467,location,-44.37, 4.70, 52.42
257.0535,location,-42.89, 1.29, 56.80
258.0602,location,-38.68, 1.29, 59.26
259.067,location,-35.13, 1.32, 62.47
260.0737,location,-33.23, 1.32, 62.24
261.0805,location,-31.97, 1.32, 59.97
261.56,hold button enter,-31.34, 1.32, 57.81
262.0872,location,-31.52, 1.32, 56.39
263.094,location,-31.52, 1.32, 56.39
263.1287,jump,-31.52, 1.32, 56.39
263.28,hold button leave,-31.52, 2.71, 56.39
264.1007,location,-31.52, 3.84, 56.39
264.34,hold button enter,-31.52, 2.27, 56.39
265.1074,location,-31.52, 1.32, 56.39
266.1142,location,-32.62, 1.32, 56.52
266.1836,jump,-33.02, 1.32, 56.56
266.24,diamond,-33.31, 1.88, 56.60
266.28,hold button leave,-33.51, 2.23, 56.62
266.42,diamond,-34.21, 3.25, 56.69
266.8,diamond,-36.11, 4.54, 56.78
267.1,diamond,-37.35, 4.03, 56.17
267.121,location,-37.42, 3.95, 56.10
268.1277,location,-35.58, 1.29, 55.57
268.56,hold button enter,-33.56, 1.32, 55.87
269.1345,location,-31.85, 1.32, 56.47
270.1412,location,-30.49, 1.32, 55.85
271.1479,location,-31.78, 1.32, 56.02
271.384,jump,-32.97, 1.32, 56.10
271.48,hold button leave,-33.47, 2.23, 56.13
272.1547,location,-36.77, 4.48, 56.22
273.1615,location,-36.55, 1.29, 56.70
273.82,hold button enter,-33.65, 1.32, 56.11
274.1682,location,-32.25, 1.32, 55.98
275.1749,location,-31.87, 1.32, 56.31
275.5013,jump,-33.57, 1.32, 56.41
275.54,hold button leave,-33.77, 1.70, 56.42
276.1817,location,-36.96, 4.53, 56.63
276.72,gun,-39.62, 4.41, 57.06
276.96,diamond,-39.72, 5.08, 57.05
277.18,diamond,-39.67, 5.74, 56.56
277.1885,location,-39.67, 5.74, 56.56
278.1951,location,-39.67, 5.97, 56.56
279.2019,location,-40.73, 5.50, 57.62
280.2087,location,-41.37, 1.29, 58.25
280.6877,jump,-41.37, 1.29, 58.25
281.2154,location,-41.37, 4.42, 58.25
282.2221,location,-44.64, 1.29, 60.64
283.0276,shoot,-46.89, 1.31, 62.77
283.12,pole sphere activated,-46.89, 1.31, 62.77
283.2289,location,-46.89, 1.31, 62.77
284.2357,location,-43.25, 1.29, 61.60
285.2425,location,-38.24, 1.29, 61.78
286.2492,location,-34.12, 1.32, 63.88
287.256,location,-33.33, 1.31, 63.91
288.0753,shoot,-33.92, 1.31, 63.83
288.2,pole sphere activated,-33.92, 1.31, 63.83
288.2627,location,-33.92, 1.31, 63.83
289.2695,location,-38.22, 1.32, 64.18
289.76,diamond,-39.53, 1.32, 66.09
289.9,diamond,-39.67, 1.32, 66.78
290.06,diamond,-39.53, 1.32, 67.56
290.22,diamond,-39.34, 1.32, 68.34
290.2762,location,-39.30, 1.32, 68.53
290.38,diamond,-39.54, 1.32, 69.06
290.54,diamond,-39.88, 1.32, 69.75
290.68,diamond,-39.71, 1.32, 70.43
290.84,diamond,-39.53, 1.32, 71.21
291,diamond,-39.37, 1.32, 71.99
291.16,diamond,-39.27, 1.32, 72.79
291.283,location,-39.37, 1.32, 73.38
291.3,diamond,-39.39, 1.32, 73.47
291.44,diamond,-39.56, 1.32, 74.15
291.6,diamond,-39.71, 1.32, 74.94
291.74,diamond,-39.71, 1.32, 75.64
291.88,diamond,-39.65, 1.32, 76.34
292.04,diamond,-39.57, 1.32, 77.13
292.2,diamond,-39.52, 1.32, 77.93
292.2898,location,-39.51, 1.32, 78.33
292.34,diamond,-39.54, 1.32, 78.63
292.48,diamond,-39.65, 1.32, 79.32
292.62,diamond,-39.77, 1.32, 80.01
292.78,diamond,-39.85, 1.32, 80.80
292.92,diamond,-39.75, 1.32, 81.50
293.08,diamond,-39.61, 1.32, 82.28
293.22,diamond,-39.54, 1.32, 82.98
293.2965,location,-39.54, 1.32, 83.28
294.3033,location,-39.55, 1.33, 88.38
295.31,location,-41.67, 1.33, 91.85
296.3167,location,-40.36, 1.33, 95.38
297.3235,location,-41.98, 1.33, 92.93
298.3303,location,-44.52, 1.33, 96.60
299.337,location,-44.37, 1.33, 99.30
300.3438,location,-44.46, 1.33, 98.53
301.3505,location,-44.46, 1.33, 98.53
302.3573,location,-45.04, 1.33, 99.85
303.364,location,-41.89, 1.33, 102.29
304.3708,location,-38.08, 1.33, 101.84
305.3774,location,-35.67, 1.33, 98.91
306.3843,location,-35.83, 1.33, 95.90
307.391,location,-39.00, 1.33, 94.14
308.06,diamond,-40.52, 1.33, 96.99
308.06,diamond,-40.52, 1.33, 96.99
308.08,diamond,-40.56, 1.33, 97.08
308.1,diamond,-40.59, 1.33, 97.18
308.24,diamond,-40.28, 1.33, 97.80
308.24,diamond,-40.28, 1.33, 97.80
308.24,diamond,-40.28, 1.33, 97.80
308.24,diamond,-40.28, 1.33, 97.80
308.28,diamond,-40.23, 1.33, 98.00
308.3,diamond,-40.22, 1.33, 98.10
308.3977,location,-40.30, 1.33, 98.48
309.4045,location,-40.17, 1.33, 96.48
310.4113,location,-41.05, 1.33, 98.22
311.418,location,-40.84, 1.33, 98.69
311.76,diamond,-40.14, 1.33, 98.71
311.78,diamond,-40.04, 1.33, 98.72
312.4247,location,-39.17, 1.33, 98.74
313.4315,location,-39.37, 1.33, 98.91
314.4382,location,-39.37, 1.33, 98.91
315.445,location,-39.41, 1.33, 98.71
315.7852,shoot,-39.65, 1.33, 97.64
316.4518,location,-39.41, 1.33, 98.71
317.4585,location,-39.41, 1.33, 98.71
318.4653,location,-39.41, 1.33, 98.71
318.5486,shoot,-39.41, 1.33, 98.71
319.472,location,-39.41, 1.33, 98.71
320.4788,location,-39.41, 1.33, 98.71
320.8259,shoot,-39.41, 1.33, 98.71
321.4857,location,-39.41, 1.33, 98.71
322.4922,location,-39.41, 1.33, 98.71
322.8463,shoot,-39.41, 1.33, 98.71
323.499,location,-39.41, 1.33, 98.71
323.9364,shoot,-39.41, 1.33, 98.71
324.5058,location,-39.41, 1.33, 98.71
325.089,shoot,-39.41, 1.33, 98.71
325.5125,location,-39.41, 1.33, 98.71
326.5193,location,-39.41, 1.33, 98.71
326.5332,shoot,-39.41, 1.33, 98.71
327.526,location,-39.41, 1.33, 98.71
327.5747,shoot,-39.41, 1.33, 98.71
328.5327,location,-39.41, 1.33, 98.71
329.1785,shoot,-39.41, 1.33, 98.71
329.5396,location,-39.41, 1.33, 98.71
330.5463,location,-39.41, 1.33, 98.71
330.588,shoot,-39.41, 1.33, 98.71
331.553,location,-39.41, 1.33, 98.71
331.8863,shoot,-39.41, 1.33, 98.71
332.5598,location,-39.41, 1.33, 98.71
333.5665,location,-39.41, 1.33, 98.71
333.9484,shoot,-39.41, 1.33, 98.71
334.5733,location,-39.41, 1.33, 98.71
335.5802,location,-39.41, 1.33, 98.71
336.5866,location,-39.41, 1.33, 98.71
337.5934,location,-39.41, 1.33, 98.71
338.6003,location,-39.41, 1.33, 98.71
339.607,location,-39.41, 1.33, 98.71
340.6138,location,-39.41, 1.33, 98.71
341.6204,location,-39.41, 1.33, 98.71
342.6205,location,-39.41, 1.33, 98.71
342.9054,shoot,-39.41, 1.33, 98.71
343.6271,location,-39.41, 1.33, 98.71
344.634,location,-39.41, 1.33, 98.71
345.6407,location,-39.41, 1.33, 98.71
346.6474,location,-40.20, 1.33, 95.41
346.8975,shoot,-40.47, 1.33, 94.24
347.6541,location,-40.95, 1.33, 92.19
348.661,location,-40.95, 1.33, 92.19
349.6678,location,-40.95, 1.33, 92.19
350.6744,location,-40.95, 1.33, 92.19
351.52,diamond,-40.82, 1.33, 91.81
351.58,diamond,-40.73, 1.33, 91.53
351.6812,location,-40.80, 1.33, 91.07
352.6879,location,-40.90, 1.33, 90.93
352.92,diamond,-41.04, 1.33, 91.08
353.22,diamond,-42.07, 1.33, 92.09
353.4,diamond,-42.94, 1.33, 92.31
353.6947,location,-43.54, 1.33, 93.54
353.98,diamond,-44.64, 1.33, 94.54
354.04,diamond,-44.84, 1.33, 94.76
354.22,diamond,-45.24, 1.33, 95.57
354.4,diamond,-45.62, 1.33, 96.38
354.56,diamond,-45.96, 1.33, 97.11
354.5626,shoot,-45.96, 1.33, 97.11
354.7015,location,-46.03, 1.33, 97.75
354.78,diamond,-45.89, 1.33, 98.13
355.04,diamond,-45.45, 1.33, 99.35
355.26,diamond,-45.07, 1.33, 100.38
355.4,diamond,-44.80, 1.33, 101.02
355.7083,location,-43.42, 1.33, 101.37
356.32,diamond,-41.31, 1.33, 103.50
356.46,diamond,-40.74, 1.33, 103.90
356.56,diamond,-40.33, 1.33, 104.19
356.7151,location,-39.74, 1.33, 104.56
356.84,diamond,-39.25, 1.33, 104.12
357.22,diamond,-37.84, 1.33, 103.07
357.38,diamond,-37.10, 1.33, 102.79
357.52,diamond,-36.53, 1.33, 102.38
357.7,diamond,-35.81, 1.33, 101.85
357.7217,location,-35.72, 1.33, 101.79
357.82,diamond,-35.32, 1.33, 101.50
358,diamond,-34.59, 1.33, 100.97
358.66,diamond,-34.33, 1.33, 97.88
358.7284,location,-34.24, 1.33, 97.60
358.8,diamond,-34.14, 1.33, 97.21
359.7352,location,-36.84, 1.33, 94.53
360.7419,location,-40.69, 1.33, 91.98
361.48,diamond,-43.81, 1.33, 93.49
361.7488,location,-44.47, 1.33, 94.48
362.7555,location,-47.64, 1.33, 97.16
363.7623,location,-52.74, 1.35, 97.04
364.7624,location,-57.49, 1.35, 96.53
365.7691,location,-61.09, 1.35, 96.62
366.7756,location,-63.66, 1.35, 99.54
367.7824,location,-63.66, 1.35, 99.54
368.789,location,-62.15, 1.35, 97.17
369.7958,location,-61.20, 1.35, 93.06
370.8026,location,-61.20, 1.35, 93.06
370.9415,jump,-61.19, 1.35, 92.36
371.8093,location,-61.17, 5.97, 91.13
372.8094,location,-61.17, 5.41, 91.13
373.8159,location,-61.17, 5.41, 91.13
374.8226,location,-61.17, 5.69, 91.13
375.8293,location,-61.17, 5.27, 91.13
376.1765,jump,-61.59, 7.65, 90.11
376.8361,location,-63.05, 11.04, 87.17
377.24,diamond,-64.53, 9.78, 85.84
377.38,diamond,-64.66, 9.33, 85.15
377.66,diamond,-64.87, 9.33, 83.77
377.8429,location,-65.01, 9.33, 82.88
377.94,diamond,-65.11, 9.33, 82.39
378.34,diamond,-64.74, 9.33, 80.58
378.6,diamond,-64.99, 9.33, 79.30
378.8496,location,-65.05, 9.33, 79.01
379.8564,location,-65.05, 9.33, 79.01
380.8631,location,-65.05, 9.33, 79.01
381.87,location,-65.05, 9.33, 79.01
382.8766,location,-65.05, 9.33, 79.01
383.8834,location,-65.05, 9.33, 79.01
384.8901,location,-65.05, 9.33, 79.01
385.8969,location,-65.05, 9.33, 79.01
386.9037,location,-65.05, 9.33, 79.01
387.9104,location,-65.05, 9.33, 79.01
388.9172,location,-65.05, 9.33, 79.01
389.9239,location,-65.05, 9.33, 79.01
390.9306,location,-65.05, 9.33, 79.01
391.9375,location,-65.05, 9.33, 79.01
392.9444,location,-65.05, 9.33, 79.01
393.9511,location,-66.91, 9.33, 77.60
394.2,diamond,-66.32, 9.33, 77.52
394.9577,location,-65.72, 9.33, 77.42
395.2284,shoot,-65.72, 9.33, 77.42
395.9645,location,-65.72, 9.33, 77.42
396.9712,location,-64.97, 9.33, 77.17
397.9779,location,-64.48, 9.33, 77.04
398.9846,location,-64.48, 9.33, 77.04
399.9914,location,-64.48, 9.33, 77.04
400.3248,shoot,-64.48, 9.33, 77.04
400.9981,location,-64.48, 9.33, 77.04
402.005,location,-64.48, 9.33, 77.04
403.0116,location,-64.48, 9.33, 77.04
403.2547,shoot,-64.48, 9.33, 77.04
404.0183,location,-64.48, 9.33, 77.04
405.0251,location,-64.48, 9.33, 77.04
405.6431,shoot,-64.48, 9.33, 77.04
406.032,location,-64.48, 9.33, 77.04
407.0387,location,-64.48, 9.33, 77.04
408.0454,location,-64.48, 9.33, 77.04
408.601,shoot,-64.48, 9.33, 77.04
409.0522,location,-64.48, 9.33, 77.04
410.0589,location,-64.48, 9.33, 77.04
411.0656,location,-64.48, 9.33, 77.04
411.7322,shoot,-64.48, 9.33, 77.04
412.0657,location,-64.48, 9.33, 77.04
413.0723,location,-65.58, 9.33, 77.52
414.0789,location,-66.49, 9.33, 78.72
415.0857,location,-66.86, 9.33, 78.82
415.6481,shoot,-66.86, 9.33, 78.82
416.0925,location,-66.86, 9.33, 78.82
417.0993,location,-66.86, 9.33, 78.82
417.2173,shoot,-66.86, 9.33, 78.82
417.62,pole sphere activated,-66.86, 9.33, 78.82
418.106,location,-66.86, 9.33, 78.82
419.1128,location,-66.86, 9.33, 78.82
420.1197,location,-66.86, 9.33, 78.82
421.1262,location,-66.86, 9.33, 75.46
421.38,diamond,-66.27, 9.33, 74.38
422.1262,location,-66.09, 9.33, 74.29
423.1329,location,-66.09, 9.33, 74.29
424.04,diamond,-66.04, 9.33, 72.49
424.1397,location,-66.02, 9.33, 72.09
424.1953,jump,-66.00, 9.33, 71.79
424.6,lock no keygreenKey,-65.39, 11.04, 69.93
425.1465,location,-66.72, 10.40, 68.33
426.153,location,-65.67, 9.33, 68.35
426.7293,jump,-66.88, 9.33, 68.30
427.1598,location,-66.83, 11.04, 68.30
428.1599,location,-66.88, 9.33, 68.28
428.1945,jump,-66.88, 9.33, 68.28
429.1667,location,-65.52, 10.31, 68.32
429.604,jump,-64.09, 9.33, 68.35
430.1732,location,-64.27, 11.04, 68.35
431.1801,location,-66.05, 9.33, 68.30
432.1868,location,-66.88, 9.33, 68.28
433.1935,location,-66.88, 9.33, 68.28
434.2005,location,-66.88, 9.33, 68.28
435.2072,location,-66.88, 9.33, 68.28
436.2138,location,-66.88, 9.33, 68.28
436.7207,jump,-65.75, 9.33, 68.31
437.2206,location,-65.38, 11.04, 68.32
438.0675,jump,-64.11, 9.33, 68.35
438.227,location,-64.09, 10.72, 68.35
438.3245,shoot,-64.09, 11.04, 68.35
439.2338,location,-65.02, 9.33, 68.33
439.4422,jump,-65.31, 9.33, 68.32
439.9073,shoot,-64.81, 11.04, 68.33
440.2339,location,-64.46, 10.92, 68.34
440.6711,jump,-64.09, 9.33, 68.35
441.2404,location,-64.09, 11.04, 68.35
442.2472,location,-64.34, 9.33, 69.56
442.3377,shoot,-64.34, 9.33, 69.56
443.2539,location,-64.34, 9.33, 69.56
444.2607,location,-65.08, 9.33, 69.16
444.6495,jump,-66.71, 9.33, 68.37
445.2674,location,-66.89, 11.04, 68.33
446.2743,location,-66.90, 9.33, 70.06
447.2743,location,-66.93, 9.33, 72.55
448.2807,location,-66.71, 9.33, 73.96
448.5,diamond,-66.52, 9.33, 75.05
449.2874,location,-66.93, 9.33, 78.45
450.2874,location,-66.37, 9.33, 78.60
451.2943,location,-66.16, 9.33, 77.65
452.3008,location,-65.83, 9.33, 77.28
453.0993,jump,-66.89, 9.33, 77.73
453.3075,location,-66.89, 11.04, 77.73
454.3143,location,-66.89, 9.33, 77.73
454.7239,jump,-66.89, 9.33, 77.73
455.1128,shoot,-66.89, 11.04, 77.73
455.3211,location,-66.89, 11.04, 77.73
456.3278,location,-65.21, 9.33, 77.49
456.4737,jump,-65.21, 9.33, 77.49
457.328,location,-65.21, 10.76, 77.49
458.3345,location,-64.43, 9.33, 77.31
459.0357,shoot,-65.10, 9.33, 77.50
459.3414,location,-65.10, 9.33, 77.50
460.3479,location,-65.10, 9.33, 77.50
461.3547,location,-65.10, 9.33, 77.50
462.2157,shoot,-65.10, 9.33, 77.50
462.3614,location,-65.10, 9.33, 77.50
463.3681,location,-65.10, 9.33, 77.50
464.3748,location,-65.10, 9.33, 77.50
465.3748,location,-65.10, 9.33, 77.50
465.6733,shoot,-65.10, 9.33, 77.50
466.3815,location,-65.10, 9.33, 77.50
467.3882,location,-65.47, 9.33, 77.66
468.3951,location,-65.47, 9.33, 77.66
469.4019,location,-65.47, 9.33, 77.66
469.8738,shoot,-65.47, 9.33, 77.66
470.4084,location,-65.47, 9.33, 77.66
471.4152,location,-65.47, 9.33, 77.66
472.422,location,-65.47, 9.33, 77.66
473.4288,location,-65.47, 9.33, 77.66
473.5468,shoot,-65.47, 9.33, 77.66
474.4354,location,-65.47, 9.33, 77.66
475.4421,location,-65.47, 9.33, 77.66
476.4422,location,-65.47, 9.33, 77.66
476.4908,shoot,-65.47, 9.33, 77.66
477.4488,location,-65.77, 9.33, 76.92
478.4554,location,-66.33, 9.33, 75.52
479.4624,location,-66.94, 9.33, 72.58
479.6845,jump,-66.93, 9.33, 71.50
480.16,lock no keygreenKey,-66.93, 11.04, 69.13
480.469,location,-66.92, 10.93, 68.38
480.9067,jump,-66.93, 9.33, 68.73
481.4691,location,-66.95, 10.04, 68.98
482.0937,jump,-66.95, 9.33, 68.98
482.4757,location,-66.80, 11.04, 69.81
482.56,lock no keygreenKey,-66.31, 11.04, 69.73
483.3436,jump,-64.09, 9.33, 68.41
483.4827,location,-64.09, 10.56, 68.41
484.4893,location,-65.61, 9.33, 71.40
484.649,jump,-66.09, 9.33, 72.04
485.4959,location,-66.89, 10.79, 75.67
485.8222,jump,-66.92, 9.33, 77.06
486.5027,location,-66.92, 11.03, 79.75
487.1067,jump,-66.94, 9.33, 82.11
487.5094,location,-66.87, 11.04, 83.48
488.3914,jump,-66.96, 9.33, 82.27
488.5162,location,-66.90, 10.43, 82.67
489.5229,location,-68.02, 9.34, 84.35
489.877,jump,-68.02, 9.33, 84.34
490.5296,location,-68.02, 11.04, 84.34
491.5364,location,-68.02, 9.33, 84.34
492.5432,location,-67.08, 9.33, 87.17
492.8837,jump,-68.52, 9.33, 87.70
493.5432,location,-70.70, 11.11, 87.37
493.98,diamond,-72.15, 9.64, 85.74
494.06,diamond,-72.47, 9.33, 85.56
494.36,diamond,-73.96, 9.33, 85.40
494.38,diamond,-74.06, 9.33, 85.39
494.5083,jump,-74.66, 9.33, 85.32
494.54,diamond,-74.86, 9.71, 85.30
494.5499,location,-74.86, 9.71, 85.30
494.56,diamond,-74.95, 9.90, 85.29
494.64,diamond,-75.35, 10.57, 85.25
494.72,diamond,-75.75, 11.04, 85.20
494.84,diamond,-76.35, 11.04, 85.14
494.94,diamond,-76.84, 11.04, 85.08
495.1,diamond,-77.57, 11.04, 85.22
495.28,diamond,-78.28, 10.93, 85.78
495.5567,location,-78.77, 9.96, 85.73
496.5632,location,-78.77, 9.33, 85.73
496.68,diamond,-78.70, 9.33, 85.36
497.5632,location,-76.61, 9.33, 84.32
497.8,diamond,-76.53, 9.33, 85.21
498.174,jump,-76.39, 9.33, 87.01
498.5697,location,-76.35, 12.02, 89.01
499.34,diamond,-76.35, 10.58, 92.91
499.5765,location,-75.97, 10.03, 93.93
499.64,diamond,-75.80, 10.03, 94.30
500.5832,location,-72.34, 5.33, 96.18
501.59,location,-68.02, 1.35, 94.16
502.5965,location,-63.79, 1.35, 91.83
503.6035,location,-61.29, 1.35, 89.07
504.61,location,-61.29, 7.09, 89.07
505.6104,location,-60.19, 4.15, 91.87
506.6166,location,-60.19, 1.35, 90.58
507.5126,jump,-59.40, 1.35, 88.90
507.6169,location,-59.38, 1.83, 88.90
508.6234,location,-59.96, 1.35, 89.15
509.4637,jump,-60.69, 1.35, 89.02
509.6302,location,-60.69, 1.97, 89.02
510.6368,location,-60.69, 6.67, 89.02
511.2547,jump,-60.69, 7.51, 89.02
511.6435,location,-60.69, 10.32, 89.02
512.6437,location,-59.53, 6.86, 92.09
513.3655,shoot,-60.56, 1.35, 95.53
513.6503,location,-61.00, 1.35, 96.86
514.6568,location,-63.77, 1.35, 100.72
515.6638,location,-66.21, 1.35, 104.76
516.24,lock unlockedredKey,-67.95, 1.35, 106.40
516.6706,location,-68.50, 1.35, 107.18
517.6772,location,-68.92, 1.35, 106.60
518.6839,location,-70.52, 1.35, 109.14
519.1,diamond,-72.57, 1.35, 109.56
519.684,location,-74.85, 1.35, 111.07
520.6907,location,-77.48, 1.35, 111.84
521.34,diamond,-77.42, 1.35, 112.94
521.6973,location,-77.32, 1.35, 114.64
522.7039,location,-77.88, 1.35, 116.21
522.8,diamond,-77.66, 1.35, 116.66
523.7106,location,-77.57, 1.35, 114.98
524.7175,location,-75.67, 1.35, 110.90
525.7242,location,-71.59, 1.35, 108.68
526.5159,jump,-69.32, 1.35, 108.15
526.7311,location,-69.40, 3.20, 108.54
527.7379,location,-69.52, 5.94, 113.32
528.7448,location,-69.66, 6.03, 116.61
529.5221,jump,-70.14, 5.88, 116.75
529.7515,location,-71.11, 7.68, 117.02
530.54,diamond,-72.40, 8.10, 117.95
530.56,diamond,-72.46, 7.99, 118.02
530.62,diamond,-72.65, 7.61, 118.26
530.7,diamond,-72.89, 7.03, 118.58
530.7581,location,-73.01, 6.71, 118.74
531.3969,jump,-73.07, 6.50, 118.82
531.7581,location,-73.46, 9.15, 120.27
531.78,diamond,-73.51, 9.32, 120.46
531.8,diamond,-73.52, 9.40, 120.56
531.82,diamond,-73.52, 9.47, 120.56
532.38,diamond,-73.15, 9.06, 121.38
532.6953,jump,-73.15, 8.18, 121.38
532.7646,location,-73.15, 8.93, 121.38
533.26,diamond,-73.18, 11.47, 122.88
533.26,diamond,-73.18, 11.47, 122.88
533.34,diamond,-73.13, 11.53, 123.27
533.36,diamond,-73.11, 11.53, 123.37
533.7714,location,-73.11, 10.52, 123.37
534.7783,location,-73.11, 10.52, 123.37
535.7849,location,-73.11, 10.52, 123.37
536.14,diamond,-72.62, 10.54, 123.47
536.14,diamond,-72.62, 10.54, 123.47
536.22,diamond,-72.22, 10.55, 123.54
536.54,diamond,-70.63, 10.49, 123.43
536.56,diamond,-70.53, 10.48, 123.42
536.68,diamond,-69.94, 10.46, 123.39
536.7916,location,-69.44, 10.47, 123.46
537,diamond,-68.35, 10.64, 123.62
537,diamond,-68.35, 10.64, 123.62
537.06,diamond,-68.06, 10.65, 123.67
537.7984,location,-67.27, 10.67, 123.79
538.7428,jump,-69.39, 10.48, 124.27
538.8052,location,-69.40, 11.04, 124.57
539.78,green key,-69.35, 12.60, 129.46
539.8119,location,-69.34, 12.48, 129.56
539.9922,jump,-69.25, 12.43, 130.46
540.8186,location,-69.54, 14.82, 131.40
541.8253,location,-69.73, 12.34, 131.41
542.8321,location,-69.73, 12.34, 131.31
543.3596,jump,-69.66, 12.14, 128.71
543.8387,location,-69.50, 15.00, 126.31
544.34,diamond,-69.40, 14.19, 124.22
544.8455,location,-69.44, 10.50, 124.13
545.1857,jump,-69.94, 9.75, 122.50
545.8522,location,-71.09, 13.01, 119.41
546.8589,location,-73.71, 6.50, 117.72
547.8657,location,-73.71, 6.50, 117.72
548.7267,jump,-73.45, 6.50, 119.48
548.8726,location,-73.51, 7.76, 119.97
549.8795,location,-73.12, 8.18, 121.71
550.8859,location,-73.12, 8.18, 121.71
551.8719,jump,-72.73, 8.18, 121.18
551.8927,location,-72.70, 8.37, 121.08
552.8995,location,-72.29, 10.55, 116.17
553.9061,location,-70.83, 4.00, 111.35
554.9131,location,-69.86, 1.35, 106.46
555.9197,location,-68.85, 1.35, 101.86
556.9264,location,-69.33, 1.35, 97.08
557.9332,location,-65.69, 1.35, 95.16
558.5233,jump,-63.32, 1.35, 93.81
558.9399,location,-62.53, 4.09, 92.03
559.6758,jump,-62.41, 6.95, 91.15
559.9468,location,-62.94, 9.23, 89.85
560.9535,location,-63.77, 9.33, 85.08
561.9603,location,-64.97, 9.33, 80.48
562.9672,location,-65.18, 9.33, 75.51
563.974,location,-65.20, 9.33, 70.51
564.06,lock unlockedgreenKey,-65.20, 9.33, 70.01
564.9809,location,-65.30, 9.33, 69.27
565.9874,location,-64.32, 9.33, 67.53
566.24,diamond,-63.31, 9.33, 66.72
566.28,diamond,-63.11, 9.33, 66.69
566.46,diamond,-62.23, 9.33, 66.49
566.5,diamond,-62.04, 9.33, 66.52
566.52,diamond,-62.04, 9.33, 66.52
566.88,diamond,-62.16, 9.33, 66.24
566.92,diamond,-62.23, 9.33, 66.06
566.994,location,-62.26, 9.33, 65.78
567.1,diamond,-62.20, 9.33, 65.20
568.0009,location,-64.43, 9.33, 63.73
568.24,diamond,-64.94, 9.33, 62.66
568.68,diamond,-66.53, 9.33, 61.78
569.0075,location,-68.10, 9.34, 62.02
569.2369,jump,-69.20, 9.34, 61.95
569.24,diamond,-69.30, 9.54, 61.95
569.7,diamond,-71.56, 11.04, 62.19
570.0143,location,-73.02, 10.95, 62.11
570.08,diamond,-73.41, 10.77, 62.00
570.3893,jump,-74.90, 9.34, 62.04
570.66,diamond,-76.29, 11.04, 62.19
571.0211,location,-78.08, 11.04, 62.10
571.1,diamond,-78.48, 11.01, 62.06
571.44,diamond,-80.17, 9.85, 61.89
572.0278,location,-82.89, 9.34, 62.63
572.28,yellow key,-84.11, 9.34, 62.66
573.0344,location,-83.45, 9.34, 61.27
574.0413,location,-83.03, 9.34, 61.32
575.048,location,-81.89, 9.34, 62.68
576.0132,jump,-79.85, 9.34, 62.66
576.0548,location,-79.67, 9.73, 62.70
577.0615,location,-74.98, 10.77, 62.83
578.0682,location,-70.08, 10.63, 62.81
579.0683,location,-69.38, 10.63, 62.82
580.0749,location,-69.18, 9.34, 61.22
580.3248,jump,-69.48, 9.34, 62.07
581.0815,location,-70.15, 10.96, 62.78
581.8525,jump,-69.89, 10.57, 62.78
582.0884,location,-70.10, 11.04, 62.78
583.0885,location,-72.11, 10.54, 62.78
583.3105,jump,-72.59, 10.54, 62.77
584.0952,location,-76.21, 10.94, 62.84
584.4146,jump,-77.69, 10.71, 62.81
585.1018,location,-80.94, 11.03, 62.84
585.3657,jump,-82.15, 10.71, 62.81
586.1086,location,-85.51, 10.99, 62.80
586.2615,jump,-86.21, 10.71, 62.83
587.1154,location,-86.75, 10.78, 62.81
587.157,jump,-86.75, 10.71, 62.81
588.0598,jump,-86.75, 10.71, 62.81
588.1222,location,-86.75, 11.04, 62.81
588.9554,jump,-86.75, 10.71, 62.81
589.1288,location,-86.75, 11.04, 62.81
590.0455,jump,-86.75, 10.71, 62.81
590.1356,location,-86.75, 11.04, 62.81
591.1423,location,-86.75, 10.71, 62.81
592.1489,location,-86.75, 10.71, 62.81
592.4822,jump,-86.68, 10.71, 62.82
593.1557,location,-86.26, 11.04, 62.72
593.4055,shoot,-85.03, 10.51, 62.29
594.1625,location,-81.46, 9.34, 61.34
595.1691,location,-76.70, 9.34, 60.61
596.1826,location,-75.40, 9.34, 60.59
597.1826,location,-75.40, 9.34, 60.59
598.1892,location,-75.40, 9.34, 60.59
599.196,location,-75.40, 9.34, 60.59
600.2028,location,-75.40, 9.34, 60.59
601.2096,location,-75.40, 9.34, 60.59
602.2162,location,-75.40, 9.34, 60.59
603.2229,location,-75.40, 9.34, 60.59
604.2296,location,-75.40, 9.34, 60.59
605.2365,location,-75.40, 9.34, 60.59
606.2432,location,-75.40, 9.34, 60.59
607.2499,location,-75.40, 9.34, 60.59
608.2499,location,-75.40, 9.34, 60.59
609.2568,location,-75.40, 9.34, 60.59
610.2632,location,-75.40, 9.34, 60.59
611.2701,location,-75.40, 9.34, 60.59
612.2769,location,-75.40, 9.34, 60.59
613.2837,location,-75.40, 9.34, 60.59
614.2905,location,-75.40, 9.34, 60.59
615.2971,location,-75.40, 9.34, 60.59
616.3037,location,-75.40, 9.34, 60.59
617.3106,location,-73.80, 9.34, 60.57
617.3801,shoot,-73.40, 9.34, 60.57
618.3173,location,-69.69, 9.34, 62.00
619.3241,location,-66.70, 9.33, 64.63
620.3311,location,-66.62, 9.33, 69.59
621.2891,jump,-65.69, 9.33, 74.04
621.3377,location,-65.68, 9.71, 74.24
622.3445,location,-65.50, 9.85, 79.34
623.3446,location,-65.33, 9.33, 84.33
624.2678,jump,-62.72, 9.33, 87.36
624.3511,location,-62.50, 10.07, 87.67
625.3578,location,-60.76, 11.29, 91.99
626.3644,location,-62.79, 3.64, 95.03
627.3713,location,-65.94, 1.35, 92.13
628.12,lock unlockedyellowKey,-67.97, 1.35, 89.26
628.3781,location,-68.06, 1.35, 88.31
629.3848,location,-68.44, 1.35, 88.23
630.22,diamond,-68.96, 1.33, 84.76
630.3916,location,-69.18, 1.33, 84.00
631.3984,location,-73.09, 1.33, 82.75
632.405,location,-77.52, 1.33, 83.77
633.1067,shoot,-80.98, 1.33, 83.26
633.18,pole sphere activated,-81.37, 1.33, 83.17
633.405,location,-81.56, 1.33, 83.13
634.4116,location,-81.21, 1.33, 80.15
634.8629,jump,-80.00, 1.33, 78.83
635.12,diamond,-79.09, 3.40, 78.03
635.12,diamond,-79.09, 3.40, 78.03
635.16,diamond,-78.93, 3.63, 77.90
635.2,diamond,-78.75, 3.83, 77.85
635.22,diamond,-78.65, 3.92, 77.86
635.24,diamond,-78.55, 4.01, 77.88
635.3,diamond,-78.26, 4.23, 77.91
635.34,diamond,-78.06, 4.35, 77.94
635.4,diamond,-77.76, 4.48, 77.97
635.4116,location,-77.76, 4.48, 77.97
635.42,diamond,-77.66, 4.51, 77.98
635.42,diamond,-77.66, 4.51, 77.98
635.48,diamond,-77.46, 4.57, 78.01
635.66,diamond,-77.46, 4.43, 78.01
635.74,diamond,-77.46, 4.20, 78.01
635.86,diamond,-77.46, 3.69, 78.01
635.88,diamond,-77.46, 3.59, 78.01
635.92,diamond,-77.44, 3.36, 77.81
635.96,diamond,-77.41, 3.10, 77.61
635.96,diamond,-77.41, 3.10, 77.61
635.98,diamond,-77.40, 2.97, 77.51
636.06,diamond,-77.36, 2.36, 77.11
636.08,diamond,-77.34, 2.20, 77.01
636.1,diamond,-77.33, 2.05, 76.91
636.4182,location,-77.16, 2.05, 75.42
636.9113,jump,-76.86, 1.33, 72.94
637.4251,location,-76.56, 4.48, 70.36
637.88,diamond,-76.51, 3.89, 69.96
638.0781,jump,-76.40, 3.09, 69.07
638.4319,location,-76.19, 5.75, 67.30
639.4387,location,-79.97, 5.33, 65.70
640.4454,location,-80.66, 5.33, 66.78
640.92,hold button enter,-81.68, 5.33, 65.69
641.4521,location,-82.16, 5.33, 65.18
642.4587,location,-82.16, 5.33, 65.18
643.4655,location,-82.16, 5.33, 65.18
643.9445,shoot,-82.16, 5.33, 65.18
644.4722,location,-82.16, 5.33, 65.18
645.4789,location,-82.16, 5.33, 65.18
646.4857,location,-82.16, 5.33, 65.18
646.5273,shoot,-82.16, 5.33, 65.18
647.4924,location,-82.16, 5.33, 65.18
648.4991,location,-82.16, 5.33, 65.18
648.631,shoot,-82.16, 5.33, 65.18
649.5059,location,-82.16, 5.33, 65.18
650.5126,location,-82.16, 5.33, 65.18
651.2209,shoot,-82.16, 5.33, 65.18
651.5195,location,-82.16, 5.33, 65.18
652.08,pole sphere activated,-82.16, 5.33, 65.18
652.5261,location,-82.16, 5.33, 65.18
653.5329,location,-82.10, 5.33, 65.25
653.7,hold button leave,-81.49, 5.33, 65.91
654.5397,location,-80.45, 5.33, 65.67
655.5462,location,-79.76, 5.33, 66.89
656.44,diamond,-80.11, 1.98, 68.09
656.5531,location,-80.11, 1.33, 68.09
657.5533,location,-80.42, 1.33, 69.40
658.5601,location,-80.42, 1.33, 69.40
659.5668,location,-80.42, 1.33, 69.40
660.2471,shoot,-80.42, 1.33, 69.40
660.5735,location,-80.42, 1.33, 69.40
661.58,location,-80.42, 1.33, 69.40
662.5869,location,-80.42, 1.33, 69.40
662.691,shoot,-80.42, 1.33, 69.40
663.12,pole sphere activated,-80.42, 1.33, 69.40
663.5938,location,-80.42, 1.33, 69.40
664.6003,location,-80.28, 1.33, 70.19
665.607,location,-78.89, 1.33, 74.79
666.04,diamond,-78.50, 1.33, 76.95
666.6138,location,-78.28, 1.33, 77.51
666.6832,jump,-78.28, 1.33, 77.51
667.54,diamond,-78.28, 4.93, 77.51
667.54,diamond,-78.28, 4.93, 77.51
667.6205,location,-78.28, 5.57, 77.51
667.64,diamond,-78.28, 5.73, 77.51
667.7,diamond,-78.28, 6.21, 77.51
667.72,diamond,-78.28, 6.37, 77.51
667.76,diamond,-78.28, 6.69, 77.51
667.76,diamond,-78.28, 6.69, 77.51
667.86,diamond,-78.28, 7.49, 77.51
667.92,diamond,-78.28, 7.97, 77.51
667.94,diamond,-78.28, 8.13, 77.51
668.14,blue key,-78.28, 9.73, 77.51
668.3425,jump,-78.28, 9.09, 77.51
668.6271,location,-78.28, 11.04, 77.51
669.634,location,-78.28, 8.11, 77.51
670.2,diamond,-77.88, 9.57, 77.54
670.42,diamond,-77.58, 8.93, 77.56
670.42,diamond,-77.58, 8.93, 77.56
670.5157,jump,-77.58, 8.29, 77.56
670.52,diamond,-77.58, 8.49, 77.56
670.6408,location,-77.58, 9.55, 77.56
671.6475,location,-77.58, 9.37, 77.56
671.88,diamond,-77.58, 7.26, 77.56
671.9,diamond,-77.58, 7.06, 77.56
672.6542,location,-77.58, 7.33, 77.56
673.6611,location,-77.58, 4.61, 77.56
673.8415,jump,-77.58, 6.05, 77.56
674.6677,location,-77.58, 10.03, 77.56
675.6745,location,-77.15, 4.61, 78.68
676.6813,location,-73.83, 1.33, 82.02
677.688,location,-71.31, 1.33, 86.00
678.6949,location,-70.35, 1.35, 90.57
679.7017,location,-74.13, 1.35, 93.67
680.68,lock unlockedblueKey,-77.59, 1.35, 96.72
680.7017,location,-77.65, 1.35, 96.80
681.7084,location,-78.85, 1.35, 97.19
682.7153,location,-81.49, 1.40, 97.56
683.2914,jump,-84.39, 1.42, 97.49
683.722,location,-86.59, 3.17, 97.45
684.5829,jump,-90.66, 1.24, 97.92
684.7286,location,-91.36, 2.47, 97.91
684.98,game end,-92.66, 3.24, 97.88
741.8079,ankieta PO_średnia_niski_wystarczająca ilość_średni_średni_nie_nie,-92.66, 3.24, 97.88
741.8079,Brak muzyki ,-92.66, 3.24, 97.88
