czas,bzdura,x,y,z
19.71976,ankieta PRZED_high_all information,0.00, 2.95, 0.00
22.48635,True,0.00, 2.95, 0.00
22.48635,location,0.00, 2.95, 0.00
23.48645,location,-0.45, 2.28, 0.66
24.50308,location,-2.49, 1.32, 4.26
25.20308,jump,-2.54, 1.32, 5.19
25.51973,location,-1.78, 3.57, 4.37
26.26,diamond,-0.98, 3.22, 5.48
26.53638,location,-0.56, 2.23, 4.49
27.52,diamond,-0.29, 2.17, 6.92
27.55304,location,-0.30, 2.17, 7.02
28.18,diamond,-0.09, 2.17, 10.08
28.569679999999998,location,-0.14, 2.17, 11.98
28.86,diamond,-0.03, 2.17, 13.47
29.56,diamond,0.00, 1.75, 16.93
29.58632,location,-0.02, 1.75, 17.03
30.60296,location,-0.08, -2.68, 22.12
30.86,diamond,-0.61, -2.68, 23.26
31.4,diamond,-3.10, -2.68, 23.35
31.60306,location,-3.94, -2.68, 23.89
32.28,diamond,-7.11, -2.68, 24.36
32.61962,location,-7.24, -2.68, 23.59
33.63624,location,-4.21, -2.68, 20.25
34.36,diamond,-6.88, -2.68, 20.59
34.65291,location,-7.88, -2.68, 19.62
35.08,diamond,-7.91, -2.68, 17.44
35.66954,location,-7.95, -2.68, 14.59
35.84,diamond,-8.09, -2.68, 13.71
36.6862,location,-4.88, -2.68, 11.84
37.70284,location,-4.17, -2.68, 12.62
38.71951,location,-5.26, -2.68, 16.29
39.73615,location,-1.67, -2.68, 15.74
39.84,diamond,-1.32, -2.68, 16.23
39.86,diamond,-1.26, -2.68, 16.31
40.14,diamond,-0.33, -2.68, 17.16
40.16,diamond,-0.24, -2.68, 17.12
40.18,diamond,-0.16, -2.68, 17.07
40.44,diamond,-0.61, -2.68, 16.08
40.44,diamond,-0.61, -2.68, 16.08
40.6,diamond,0.03, -2.68, 15.80
40.62,diamond,0.13, -2.68, 15.81
40.75281,location,0.58, -2.68, 15.52
40.8,diamond,0.60, -2.68, 15.22
41.08,diamond,-0.23, -2.68, 14.10
41.1,diamond,-0.28, -2.68, 14.02
41.26,diamond,-0.30, -2.68, 13.24
41.26,diamond,-0.30, -2.68, 13.24
41.28,diamond,-0.27, -2.68, 13.14
41.48,diamond,0.02, -2.68, 12.19
41.48,diamond,0.02, -2.68, 12.19
41.52,diamond,0.07, -2.68, 12.00
41.52,diamond,0.07, -2.68, 12.00
41.6,diamond,0.15, -2.68, 11.60
41.76946,location,0.21, -2.68, 10.81
42.78609,location,0.45, -2.68, 12.48
43.80274,location,1.01, -2.68, 17.52
44.13608,jump,1.74, -2.71, 18.37
44.81939,location,0.95, -2.20, 17.18
45.83604,location,1.85, -2.71, 14.62
46.85271,location,-0.59, -2.68, 15.34
47.86935,location,-3.74, -2.68, 16.49
48.88601,location,-3.63, -2.68, 17.08
49.90265,location,-2.95, -2.68, 21.18
50.46931,jump,-0.94, -2.68, 22.99
50.9193,location,1.11, 0.20, 23.30
51.93594,location,1.54, -2.68, 24.00
52.2,diamond,2.92, -2.68, 24.21
52.9526,location,6.50, -2.68, 23.66
52.96,diamond,6.59, -2.68, 23.62
53.54,diamond,7.58, -2.68, 21.17
53.96926,location,8.07, -2.68, 19.26
54.32,diamond,8.15, -2.68, 17.46
54.98589,location,8.29, -2.68, 14.16
55.08,diamond,8.14, -2.68, 13.70
56.00255,location,5.86, -2.68, 14.71
57.0192,location,4.33, -2.68, 17.39
58.03585,location,3.39, -2.68, 21.40
59.0525,location,-1.00, -2.68, 22.50
60.06915,location,-4.93, -2.68, 19.80
60.31969,jump,-4.79, -2.68, 18.64
61.08578,location,-3.32, 0.55, 15.27
61.76913,jump,-2.69, -0.19, 12.13
62.10243,location,-2.73, 2.29, 10.46
63.1191,location,-0.63, 2.25, 12.65
64.13575,location,0.46, 2.09, 16.75
64.8524,jump,1.03, 1.53, 19.02
65.02,diamond,0.95, 3.07, 19.92
65.13586,location,0.91, 3.72, 20.41
65.4,diamond,0.92, 4.73, 21.81
65.84,diamond,0.51, 3.93, 23.80
66.15239,location,-0.17, 1.73, 25.00
66.34,diamond,-0.26, 1.32, 26.00
66.86,diamond,-0.16, 1.32, 28.23
67.16902,location,0.22, 1.32, 29.49
67.56,diamond,0.27, 1.32, 31.36
68.16905,location,0.10, 1.32, 34.21
68.3,diamond,-0.02, 1.32, 34.90
69.18565,location,-0.01, 1.32, 38.25
69.2,diamond,0.02, 1.32, 38.34
69.86,diamond,-0.04, 1.32, 41.50
70.20231,location,1.20, 1.32, 40.65
71.20233,location,3.39, 1.30, 36.76
72.21896,location,6.97, 1.32, 33.33
72.22,normal button enter,7.03, 1.32, 33.26
72.38,diamond,7.57, 1.32, 32.66
72.98571,jump,8.23, 1.32, 31.92
73.06,diamond,8.23, 2.05, 31.92
73.2,diamond,8.23, 3.11, 31.92
73.21907,location,8.23, 3.11, 31.92
74.23558,location,8.23, 1.94, 31.92
75.25221,location,6.33, 1.32, 33.35
75.42506,jump,5.78, 1.30, 34.03
76.25757,location,2.76, 4.30, 36.33
76.77372,jump,0.32, 1.32, 36.90
77.27322,location,-2.14, 4.41, 37.29
78.28886,location,-6.10, 1.32, 39.50
78.4,normal button enter,-6.70, 1.32, 39.43
78.58,diamond,-7.45, 1.32, 39.72
78.88827,jump,-8.73, 1.32, 39.63
79.06,diamond,-8.61, 2.85, 39.18
79.14,diamond,-8.40, 3.37, 39.49
79.30452,location,-8.24, 4.13, 40.27
80.32017,location,-7.88, 1.32, 41.34
81.33582,location,-5.95, 1.32, 40.41
82.3521,location,-2.86, 1.32, 36.73
82.96,diamond,-3.23, 1.32, 33.79
83.02,diamond,-3.34, 1.32, 33.51
83.06,diamond,-3.41, 1.32, 33.33
83.18,diamond,-3.64, 1.32, 32.77
83.22,diamond,-3.71, 1.32, 32.58
83.36874,location,-3.70, 1.32, 31.91
84.05208,jump,-3.79, 1.32, 34.77
84.38541,location,-5.00, 3.82, 34.73
85,diamond,-7.08, 3.91, 33.30
85.06,diamond,-7.27, 4.12, 33.07
85.12,diamond,-7.21, 4.15, 32.78
85.24,diamond,-7.06, 4.10, 32.20
85.25999,diamond,-7.11, 4.13, 32.11
85.34,diamond,-7.32, 4.25, 31.77
85.38554,location,-7.43, 4.31, 31.60
85.43999,diamond,-7.59, 4.40, 31.35
85.52,diamond,-7.83, 4.54, 31.03
85.58,diamond,-8.02, 4.64, 30.79
85.70206,jump,-8.37, 4.84, 30.31
85.75999,diamond,-8.38, 5.39, 30.11
85.84,diamond,-8.38, 6.05, 30.11
86.40204,location,-9.31, 6.97, 29.78
86.8,diamond,-8.13, 5.47, 30.98
86.84,diamond,-7.95, 5.19, 31.06
86.93999,diamond,-7.53, 4.38, 30.99
86.96,diamond,-7.46, 4.36, 30.91
87.41867,location,-7.81, 4.55, 30.54
88.43533,location,-7.52, 4.41, 30.37
89.45203,location,-7.52, 4.41, 30.37
89.80198,jump,-7.30, 4.30, 30.17
89.86,diamond,-7.30, 4.86, 30.17
90.46864,location,-7.30, 6.99, 30.17
90.82,diamond,-8.11, 5.96, 31.18
91.28537,jump,-8.13, 4.67, 31.57
91.46,diamond,-7.99, 6.19, 31.71
91.48529,location,-7.92, 6.33, 31.78
92.50192,location,-5.37, 4.58, 35.89
93.50201,location,-3.93, 1.32, 40.67
94.51855,location,-1.43, 1.32, 44.80
95.53521,location,-0.67, 1.32, 49.82
95.78,diamond,-0.25, 1.32, 51.05
95.95208,jump,-0.02, 1.32, 51.82
96.55187,location,-1.66, 4.56, 53.27
97.34,diamond,-0.62, 1.32, 54.37
97.55197,location,-1.12, 1.32, 55.20
98.56848,location,0.34, 1.32, 57.25
99.58514,location,5.40, 1.32, 56.75
100.6018,location,10.34, 1.32, 55.97
101.6018,location,14.12, 1.32, 53.18
102.6184,location,15.00, 1.32, 48.29
103.22,red key,16.19, 1.32, 45.46
103.6351,location,15.09, 1.32, 43.91
104.6517,location,14.85, 1.32, 48.43
105.6684,location,13.67, 1.32, 52.34
106.685,location,9.02, 1.32, 53.96
107.7017,location,4.01, 1.32, 54.82
108.7183,location,-0.95, 1.32, 55.35
109.1,diamond,-2.76, 1.32, 55.90
109.66,diamond,-5.55, 1.32, 56.08
109.735,location,-5.85, 1.32, 56.10
110.26,diamond,-8.55, 1.32, 56.13
110.7516,location,-10.95, 1.32, 56.08
110.98,diamond,-12.15, 1.32, 56.05
111.7683,location,-10.52, 1.32, 56.20
112.7849,location,-10.88, 1.32, 55.87
113.8016,location,-9.12, 1.32, 53.75
114.8182,location,-9.43, 1.32, 48.92
115.8349,location,-9.38, 1.32, 48.23
116.8515,location,-9.41, 1.32, 52.92
117.8682,location,-12.16, 1.32, 56.39
118.64,diamond,-14.68, 1.32, 53.99
118.66,diamond,-14.71, 1.32, 53.90
118.84,diamond,-15.21, 1.32, 53.23
118.8682,location,-15.24, 1.32, 53.14
118.94,diamond,-15.33, 1.32, 52.75
118.96,diamond,-15.34, 1.32, 52.65
119.52,diamond,-15.36, 1.32, 49.99
119.54,diamond,-15.36, 1.32, 49.89
119.64,diamond,-15.35, 1.32, 49.39
119.66,diamond,-15.34, 1.32, 49.29
119.7,diamond,-15.34, 1.32, 49.09
119.8848,location,-15.84, 1.32, 48.40
119.9,diamond,-15.84, 1.32, 48.30
119.92,diamond,-15.84, 1.32, 48.20
120.4,diamond,-16.15, 1.32, 45.92
120.42,diamond,-16.15, 1.32, 45.82
120.46,diamond,-16.16, 1.32, 45.62
120.48,diamond,-16.16, 1.32, 45.52
120.5,diamond,-16.16, 1.32, 45.42
120.72,diamond,-15.90, 1.32, 44.43
120.74,diamond,-15.90, 1.32, 44.33
120.74,diamond,-15.90, 1.32, 44.33
120.76,diamond,-15.91, 1.32, 44.23
120.8848,location,-15.92, 1.32, 43.63
121.9014,location,-16.32, 1.32, 44.55
122.46,diamond,-16.77, 1.32, 47.31
122.48,diamond,-16.79, 1.32, 47.41
122.9181,location,-17.04, 1.32, 49.32
123.18,diamond,-16.82, 1.32, 50.70
123.2,diamond,-16.81, 1.32, 50.80
123.46,diamond,-16.73, 1.32, 52.10
123.48,diamond,-16.73, 1.32, 52.20
123.9347,location,-17.83, 1.32, 53.45
124.22,diamond,-19.30, 1.29, 53.56
124.24,diamond,-19.39, 1.29, 53.51
124.38,diamond,-19.96, 1.29, 53.11
124.48,diamond,-20.06, 1.29, 52.64
124.5,diamond,-20.04, 1.29, 52.54
124.62,diamond,-19.85, 1.29, 51.97
124.66,diamond,-19.78, 1.29, 51.78
124.9347,location,-19.69, 1.29, 50.54
125.02,diamond,-19.85, 1.29, 50.07
125.06,diamond,-19.91, 1.29, 49.88
125.1,diamond,-19.97, 1.29, 49.69
125.12,diamond,-19.99, 1.29, 49.59
125.16,diamond,-20.02, 1.29, 49.39
125.34,diamond,-19.88, 1.29, 48.51
125.36,diamond,-19.86, 1.29, 48.41
125.42,diamond,-19.81, 1.29, 48.11
125.48,diamond,-19.77, 1.29, 47.82
125.78,diamond,-19.79, 1.29, 46.32
125.8,diamond,-19.80, 1.29, 46.22
125.9513,location,-19.88, 1.29, 45.52
125.96,diamond,-19.89, 1.29, 45.42
126.02,diamond,-19.92, 1.29, 45.13
126.04,diamond,-19.93, 1.29, 45.03
126.18,diamond,-19.95, 1.29, 44.33
126.2,diamond,-19.94, 1.29, 44.23
126.318,jump,-19.53, 1.29, 43.94
126.968,location,-21.96, 4.62, 44.18
127.82,diamond,-21.39, 1.29, 43.22
127.84,diamond,-21.34, 1.29, 43.31
127.9847,location,-21.32, 1.29, 43.90
128.18,diamond,-22.15, 1.32, 43.58
128.18,diamond,-22.15, 1.32, 43.58
128.42,diamond,-23.33, 1.32, 43.36
128.46,diamond,-23.53, 1.32, 43.40
128.48,diamond,-23.62, 1.32, 43.43
128.66,diamond,-24.28, 1.32, 44.01
128.68,diamond,-24.32, 1.32, 44.11
128.82,diamond,-24.15, 1.32, 44.73
128.84,diamond,-24.10, 1.32, 44.81
129.0013,location,-23.65, 1.32, 45.47
129.18,diamond,-23.66, 1.32, 46.33
129.2,diamond,-23.69, 1.32, 46.42
129.48,diamond,-24.48, 1.32, 47.39
129.48,diamond,-24.48, 1.32, 47.39
129.5,diamond,-24.46, 1.32, 47.49
129.64,diamond,-24.11, 1.32, 48.09
129.66,diamond,-24.04, 1.32, 48.16
129.68,diamond,-23.97, 1.32, 48.23
129.7,diamond,-23.90, 1.32, 48.30
130.018,location,-22.98, 1.32, 48.81
130.42,diamond,-23.90, 1.32, 50.40
130.42,diamond,-23.90, 1.32, 50.40
130.44,diamond,-23.91, 1.32, 50.50
130.44,diamond,-23.91, 1.32, 50.50
130.54,diamond,-24.00, 1.32, 50.99
130.7,diamond,-24.48, 1.32, 51.60
130.72,diamond,-24.51, 1.32, 51.70
130.88,diamond,-24.12, 1.32, 52.35
130.9,diamond,-24.04, 1.32, 52.40
131.0346,location,-23.55, 1.32, 52.75
131.42,diamond,-22.22, 1.32, 51.64
131.44,diamond,-22.12, 1.32, 51.62
131.8013,jump,-20.77, 1.29, 52.16
132.0513,location,-20.14, 3.20, 52.39
133.0679,location,-21.87, 1.67, 54.54
133.52,lock unlockedredKey,-24.04, 1.32, 55.31
134.0846,location,-25.44, 1.32, 56.01
135.1012,location,-24.30, 1.32, 56.99
136.1178,location,-28.85, 1.32, 57.15
137.1345,location,-28.85, 1.32, 57.15
138.1511,location,-28.85, 1.32, 57.15
139.1678,location,-28.85, 1.32, 57.15
140.1844,location,-28.85, 1.32, 57.15
141.2011,location,-28.85, 1.32, 57.15
142.2178,location,-29.61, 1.32, 56.92
142.52,hold button enter,-30.34, 1.32, 56.58
142.68,diamond,-31.13, 1.32, 56.58
143.1677,jump,-33.00, 1.32, 56.44
143.22,diamond,-33.00, 1.88, 56.44
143.2344,location,-33.00, 1.88, 56.44
143.3,hold button leave,-33.00, 2.55, 56.44
143.56,diamond,-34.08, 4.06, 56.45
143.96,diamond,-35.89, 4.40, 56.14
144.2344,location,-37.09, 3.33, 56.17
144.7177,jump,-37.09, 1.29, 56.17
144.9,diamond,-37.60, 2.99, 55.48
145.251,location,-38.02, 4.50, 56.48
146.2677,location,-34.42, 1.29, 59.71
147.2843,location,-32.53, 1.31, 63.73
147.4677,jump,-32.73, 1.31, 64.13
148.301,location,-32.39, 4.30, 64.70
149.0676,jump,-32.08, 2.35, 64.72
149.3176,location,-32.68, 4.28, 65.66
150.3343,location,-35.54, 2.85, 65.67
151.3509,location,-39.79, 1.32, 64.24
152.3676,location,-41.82, 1.29, 59.84
153.0342,jump,-43.87, 1.29, 57.25
153.3842,location,-45.26, 3.90, 56.33
154.4009,location,-46.17, 1.32, 56.14
154.8509,jump,-44.10, 1.29, 56.43
155.4175,location,-41.57, 4.49, 56.36
156.4008,jump,-43.29, 1.29, 59.23
156.4342,location,-43.35, 1.48, 59.31
157.4509,location,-46.93, 3.32, 62.75
158.4675,location,-48.76, 1.32, 60.76
159.4675,location,-48.89, 1.32, 55.84
160.4841,location,-48.65, 1.32, 50.85
161.5008,location,-44.86, 1.29, 50.60
162.1841,jump,-46.41, 1.31, 49.26
162.5174,location,-47.77, 3.67, 48.77
163.5341,location,-48.88, 1.32, 51.23
164.5507,location,-49.39, 1.32, 50.43
165.234,jump,-48.35, 1.31, 49.06
165.5673,location,-48.03, 3.50, 48.45
166.584,location,-47.90, 2.40, 47.97
166.984,jump,-47.90, 2.40, 47.97
167.6007,location,-48.69, 4.05, 46.94
168.6173,location,-46.51, 1.31, 49.52
168.684,jump,-46.20, 1.31, 49.78
169.6339,location,-41.73, 3.90, 51.17
170.0173,jump,-39.98, 1.29, 50.79
170.6506,location,-37.24, 4.62, 52.12
171.6506,location,-33.30, 1.32, 54.59
171.74,hold button enter,-32.97, 1.32, 54.96
172.6672,location,-32.69, 1.32, 56.31
173.52,hold button leave,-33.89, 1.32, 56.25
173.6839,location,-34.69, 1.29, 56.21
173.8505,jump,-35.49, 1.29, 56.17
174.64,gun,-39.47, 4.42, 56.46
174.7005,location,-39.77, 4.35, 56.48
174.86,diamond,-40.07, 4.80, 56.50
175.16,diamond,-40.07, 5.70, 56.50
175.7006,location,-40.07, 5.90, 56.50
176.1672,shoot,-40.07, 5.90, 56.50
176.7171,location,-40.07, 5.90, 56.50
177.7338,location,-40.37, 5.95, 56.23
178.7505,location,-40.52, 5.95, 56.10
179.6171,shoot,-40.52, 5.95, 56.10
179.7671,location,-40.52, 5.95, 56.10
180.7672,location,-40.52, 5.95, 56.10
181.4337,shoot,-40.52, 5.95, 56.10
181.7838,location,-40.52, 5.95, 56.10
182.7338,shoot,-40.52, 5.95, 56.10
182.8004,location,-40.52, 5.95, 56.10
183.817,location,-42.03, 3.65, 54.94
184.8337,location,-43.53, 1.29, 51.60
185.8503,location,-39.48, 1.32, 49.80
186.867,location,-35.71, 1.32, 48.78
187.8836,location,-31.62, 1.31, 48.57
188.9003,location,-31.62, 1.31, 48.57
189.9169,location,-31.56, 1.32, 52.36
190.5336,shoot,-31.56, 1.32, 52.36
190.9336,location,-31.56, 1.32, 52.36
191.78,hold button enter,-31.69, 1.32, 54.66
191.9337,location,-31.73, 1.32, 55.36
192.9502,location,-31.84, 1.32, 56.45
193.9669,location,-31.84, 1.32, 56.45
194.6002,jump,-33.74, 1.32, 56.33
194.62,hold button leave,-33.84, 1.51, 56.33
194.9835,location,-35.64, 3.94, 56.39
196.0002,location,-39.72, 4.90, 56.18
197.0003,location,-39.72, 5.90, 56.18
197.1668,shoot,-39.72, 5.90, 56.18
198.0168,location,-39.72, 5.90, 56.18
198.3338,shoot,-39.72, 5.90, 56.18
199.017,location,-39.72, 5.90, 56.18
200.0334,location,-39.72, 5.90, 56.18
201.0501,location,-39.72, 5.90, 56.18
201.4334,shoot,-39.72, 5.90, 56.18
202.0667,location,-39.72, 5.90, 56.18
203.0672,location,-40.56, 5.95, 55.51
204.0834,location,-40.56, 5.95, 55.51
205.1006,location,-40.56, 5.95, 55.51
206.1168,location,-40.56, 5.95, 55.51
207.1168,location,-40.56, 5.95, 55.51
207.8667,shoot,-40.56, 5.95, 55.51
208.1333,location,-40.56, 5.95, 55.51
209.1499,location,-40.56, 5.95, 55.51
210.1501,location,-40.56, 5.95, 55.51
211.1501,location,-40.56, 5.95, 55.51
212.1165,shoot,-40.56, 5.95, 55.51
212.1665,location,-40.56, 5.95, 55.51
213.1665,location,-40.56, 5.95, 55.51
214.167,location,-41.72, 1.29, 54.38
215.1834,location,-37.96, 1.29, 53.77
216.18,hold button enter,-33.53, 1.32, 55.86
216.1834,location,-33.53, 1.32, 55.86
216.9,hold button leave,-30.00, 1.32, 56.54
217.1834,location,-28.74, 1.32, 55.93
218.1998,location,-24.60, 1.32, 54.28
219.1998,location,-20.82, 1.29, 52.43
220.2164,location,-23.00, 1.32, 55.84
221.2331,location,-28.08, 1.32, 56.32
221.433,shoot,-28.08, 1.32, 56.32
222.2497,location,-28.18, 1.32, 56.33
222.68,hold button enter,-30.31, 1.32, 56.12
223.2664,location,-31.39, 1.32, 56.60
224.283,location,-31.39, 1.32, 56.60
225.2832,location,-31.39, 1.32, 56.60
226.1667,shoot,-31.39, 1.32, 56.60
226.2833,location,-31.39, 1.32, 56.60
227.2996,location,-31.89, 1.32, 56.65
228.3163,location,-31.89, 1.32, 56.65
228.7502,shoot,-31.89, 1.32, 56.65
229.3165,location,-31.89, 1.32, 56.65
230.3331,location,-31.89, 1.32, 56.65
231.3496,location,-31.89, 1.32, 56.65
231.4829,shoot,-31.89, 1.32, 56.65
232.3662,location,-31.89, 1.32, 56.65
233.3829,location,-31.89, 1.32, 56.65
233.5995,shoot,-31.89, 1.32, 56.65
234.02,hold button leave,-32.75, 1.32, 57.98
234.3995,location,-33.42, 1.32, 59.65
235.4162,location,-31.71, 1.31, 63.59
235.9828,shoot,-30.97, 1.32, 62.28
236.4328,location,-30.60, 1.32, 60.31
237.0494,shoot,-30.60, 1.32, 60.31
237.4494,location,-30.60, 1.32, 60.31
237.6,pole sphere activated,-30.60, 1.32, 60.31
238.4661,location,-32.32, 1.32, 59.80
239.2161,jump,-35.76, 1.29, 61.11
239.4661,location,-37.03, 3.37, 61.38
240.3161,shoot,-41.05, 3.17, 62.60
240.4827,location,-41.92, 1.75, 62.82
241.24,pole sphere activated,-45.13, 1.32, 63.61
241.4327,shoot,-45.13, 1.32, 63.61
241.4994,location,-45.13, 1.32, 63.61
242.5161,location,-42.89, 1.32, 63.04
243.5327,location,-41.50, 1.32, 65.83
244.32,diamond,-39.43, 1.32, 66.19
244.46,diamond,-39.44, 1.32, 66.89
244.5493,location,-39.53, 1.32, 67.26
244.6,diamond,-39.69, 1.32, 67.49
244.76,diamond,-39.73, 1.32, 68.29
244.9,diamond,-39.77, 1.32, 68.99
245.06,diamond,-39.81, 1.32, 69.79
245.2,diamond,-39.85, 1.32, 70.49
245.34,diamond,-39.88, 1.32, 71.19
245.48,diamond,-39.90, 1.32, 71.89
245.566,location,-39.91, 1.32, 72.29
245.64,diamond,-39.91, 1.32, 72.69
245.78,diamond,-39.92, 1.32, 73.39
245.92,diamond,-39.92, 1.32, 74.09
246.08,diamond,-39.90, 1.32, 74.89
246.24,diamond,-39.88, 1.32, 75.69
246.36,diamond,-39.87, 1.32, 76.29
246.52,diamond,-39.85, 1.32, 77.08
246.5826,location,-39.85, 1.32, 77.38
246.68,diamond,-39.84, 1.32, 77.88
246.82,diamond,-39.82, 1.32, 78.58
246.96,diamond,-39.81, 1.32, 79.28
247.1,diamond,-39.79, 1.32, 79.98
247.26,diamond,-39.77, 1.32, 80.78
247.42,diamond,-39.76, 1.32, 81.58
247.56,diamond,-39.75, 1.32, 82.28
247.5993,location,-39.75, 1.32, 82.38
247.7,diamond,-39.79, 1.32, 82.98
248.6159,location,-39.77, 1.32, 87.43
249.6326,location,-39.84, 1.33, 92.25
250.6492,location,-36.40, 1.33, 94.79
251.4992,shoot,-35.22, 1.33, 98.42
251.6659,location,-35.43, 1.33, 99.29
252.6659,location,-39.18, 1.33, 102.27
252.6992,shoot,-39.28, 1.33, 102.29
253.6826,location,-43.51, 1.33, 100.67
254.6991,location,-44.18, 1.33, 96.11
255.7157,location,-40.79, 1.33, 93.44
256.44,diamond,-40.01, 1.33, 96.91
256.46,diamond,-39.99, 1.33, 97.01
256.5,diamond,-39.97, 1.33, 97.21
256.52,diamond,-39.96, 1.33, 97.31
256.52,diamond,-39.96, 1.33, 97.31
256.54,diamond,-39.96, 1.33, 97.41
256.6,diamond,-39.97, 1.33, 97.71
256.62,diamond,-39.97, 1.33, 97.81
256.66,diamond,-39.98, 1.33, 98.01
256.68,diamond,-39.98, 1.33, 98.01
256.68,diamond,-39.98, 1.33, 98.01
256.7158,location,-39.98, 1.33, 98.01
257.36,diamond,-40.07, 1.33, 98.79
257.7158,location,-39.58, 1.33, 98.68
258.7324,location,-39.75, 1.33, 98.90
259.7491,location,-39.75, 1.33, 98.90
260.7657,location,-39.75, 1.33, 98.90
261.7824,location,-39.75, 1.33, 98.90
262.799,location,-39.75, 1.33, 98.90
263.049,jump,-39.75, 1.33, 98.90
263.8157,location,-39.75, 2.97, 98.90
264.8323,location,-39.75, 1.33, 98.90
265.849,location,-39.75, 1.33, 98.90
266.8656,location,-40.39, 1.33, 98.27
267.8823,location,-40.39, 1.33, 98.27
268.8989,location,-40.39, 1.33, 98.27
269.9156,location,-40.39, 1.33, 98.27
270.9322,location,-40.39, 1.33, 98.27
271.9489,location,-40.39, 1.33, 98.27
272.9655,location,-39.43, 1.33, 98.54
273.9821,location,-39.26, 1.33, 97.96
274.9988,location,-39.26, 1.33, 97.96
276.0155,location,-40.62, 1.33, 97.82
277.0321,location,-40.25, 1.33, 98.54
277.3654,shoot,-40.28, 1.33, 98.92
278.0488,location,-39.44, 1.33, 97.57
279.0654,location,-39.80, 1.33, 92.70
279.26,diamond,-39.94, 1.33, 91.80
279.34,diamond,-40.30, 1.33, 91.63
279.52,diamond,-41.15, 1.33, 91.33
279.7,diamond,-41.98, 1.33, 91.27
279.96,diamond,-43.01, 1.33, 92.06
280.0821,location,-43.55, 1.33, 92.17
280.14,diamond,-43.81, 1.33, 92.25
280.38,diamond,-44.81, 1.33, 92.92
280.6,diamond,-45.45, 1.33, 93.80
280.82,diamond,-45.85, 1.33, 94.83
281.02,diamond,-46.17, 1.33, 95.78
281.0987,location,-46.27, 1.33, 96.06
281.24,diamond,-46.39, 1.33, 96.85
281.46,diamond,-46.49, 1.33, 97.94
281.68,diamond,-46.43, 1.33, 99.04
281.88,diamond,-46.29, 1.33, 100.03
282.1,diamond,-45.83, 1.33, 101.02
282.1154,location,-45.83, 1.33, 101.02
282.28,diamond,-45.27, 1.33, 101.73
282.52,diamond,-44.50, 1.33, 102.65
282.66,diamond,-43.95, 1.33, 103.07
282.92,diamond,-42.73, 1.33, 103.53
283.08,diamond,-42.36, 1.33, 104.19
283.132,location,-42.18, 1.33, 104.26
283.32,diamond,-41.21, 1.33, 104.53
283.5,diamond,-40.32, 1.33, 104.63
283.74,diamond,-39.12, 1.33, 104.62
283.94,diamond,-38.17, 1.33, 104.35
284.1487,location,-37.24, 1.33, 103.98
284.16,diamond,-37.15, 1.33, 103.94
284.34,diamond,-36.37, 1.33, 103.49
284.58,diamond,-35.42, 1.33, 102.75
284.74,diamond,-34.87, 1.33, 102.18
284.98,diamond,-34.19, 1.33, 101.20
285.1653,location,-33.84, 1.33, 100.37
285.28,diamond,-33.70, 1.33, 99.78
285.5,diamond,-33.45, 1.33, 98.71
285.76,diamond,-33.10, 1.33, 97.57
286,diamond,-33.20, 1.33, 96.37
286.182,location,-33.39, 1.33, 95.49
286.22,diamond,-33.46, 1.33, 95.31
286.46,diamond,-34.07, 1.33, 94.28
286.64,diamond,-34.66, 1.33, 93.60
286.88,diamond,-35.49, 1.33, 92.74
287,diamond,-35.94, 1.33, 92.33
287.1986,location,-36.65, 1.33, 91.79
287.24,diamond,-36.89, 1.33, 91.61
287.46,diamond,-37.84, 1.33, 91.06
288.2153,location,-40.55, 1.33, 92.28
289.2319,location,-43.28, 1.33, 94.64
290.2485,location,-46.91, 1.33, 98.14
291.2652,location,-49.67, 1.33, 97.78
292.2818,location,-52.83, 1.35, 97.43
292.5318,shoot,-53.92, 1.35, 97.92
293.2985,location,-57.71, 1.35, 97.69
294.2989,location,-61.65, 1.35, 96.23
295.3151,location,-64.50, 1.35, 100.41
295.8818,shoot,-66.18, 1.35, 102.69
296.3318,location,-68.14, 1.35, 103.46
296.8984,shoot,-69.64, 1.35, 102.05
297.3484,location,-69.91, 1.35, 99.77
298.3651,location,-70.03, 1.35, 96.66
299.3654,location,-67.55, 1.35, 92.53
299.8651,jump,-65.35, 1.35, 91.39
300.3817,location,-63.94, 4.51, 90.49
301.3984,location,-66.13, 1.35, 90.34
301.5817,jump,-65.25, 1.35, 90.13
302.415,location,-62.62, 5.69, 89.88
303.4316,location,-61.28, 5.69, 90.14
304.4483,location,-60.81, 5.41, 90.31
304.9149,jump,-60.61, 8.63, 90.36
305.465,location,-58.37, 11.92, 91.92
305.94,diamond,-57.13, 10.93, 91.86
306.4816,location,-56.96, 10.05, 92.38
306.64,diamond,-57.45, 9.97, 92.94
307,diamond,-58.69, 10.06, 94.04
307.36,diamond,-58.99, 10.18, 95.82
307.4983,location,-59.04, 10.13, 96.41
307.64,diamond,-59.09, 10.12, 97.21
307.98,diamond,-58.69, 9.94, 98.86
308.36,diamond,-58.60, 9.96, 100.66
308.5149,location,-58.43, 9.99, 101.34
308.72,diamond,-58.03, 10.06, 102.35
309.5316,location,-56.98, 10.06, 103.09
310.5482,location,-59.20, 10.22, 99.37
311.5648,location,-59.12, 10.11, 94.36
312.5815,location,-58.73, 9.91, 92.38
313.5981,location,-59.63, 9.63, 93.04
314.6148,location,-61.91, 5.13, 91.20
315.6314,location,-61.90, 5.97, 89.80
316.6481,location,-61.90, 5.13, 89.80
317.1648,jump,-62.29, 8.77, 89.23
317.6647,location,-63.95, 11.12, 87.48
317.9,diamond,-65.07, 11.06, 87.09
318.18,diamond,-65.41, 10.11, 85.77
318.54,diamond,-65.72, 9.33, 84.00
318.6648,location,-65.79, 9.33, 83.40
318.84,diamond,-65.77, 9.33, 82.50
319.14,diamond,-65.68, 9.33, 81.00
319.44,diamond,-65.63, 9.33, 79.51
319.6814,location,-65.67, 9.33, 78.31
319.78,diamond,-65.68, 9.33, 77.81
320.06,diamond,-65.64, 9.33, 76.41
320.42,diamond,-65.58, 9.33, 74.61
320.698,location,-65.69, 9.33, 73.31
320.82,diamond,-65.76, 9.33, 72.62
321.1313,shoot,-65.81, 9.33, 71.12
321.38,lock no keygreenKey,-65.26, 9.33, 70.02
321.698,location,-65.77, 9.33, 68.95
322.7147,location,-65.05, 9.33, 71.30
323.7148,location,-64.41, 9.33, 76.26
324.7313,location,-65.49, 9.33, 81.20
325.748,location,-65.99, 9.33, 86.27
326.7646,location,-69.50, 9.52, 89.21
327.7813,location,-73.00, 9.24, 91.92
328.7979,location,-70.93, 1.35, 92.60
329.8145,location,-66.25, 1.35, 91.34
330.0645,jump,-65.32, 1.35, 90.44
330.8312,location,-61.74, 4.75, 90.25
331.3645,jump,-62.26, 8.21, 89.09
331.8478,location,-63.98, 11.10, 87.55
332.8645,location,-68.51, 9.46, 87.53
333.8811,location,-73.77, 8.45, 88.67
334.8978,location,-71.87, 1.35, 88.62
335.06,lock no keyyellowKey,-71.02, 1.35, 88.92
335.9145,location,-66.85, 1.35, 89.04
336.1978,jump,-65.45, 1.35, 89.00
336.9311,location,-62.54, 4.64, 89.89
337.6311,jump,-63.00, 9.05, 89.91
337.9313,location,-63.47, 11.35, 88.56
338.9477,location,-66.68, 9.52, 89.45
339.9644,location,-69.56, 9.52, 89.45
340.981,location,-64.64, 8.34, 89.93
341.9977,location,-64.64, 1.35, 89.93
342.5976,jump,-63.91, 1.31, 89.58
343.0143,location,-63.06, 4.31, 89.94
344.0309,location,-63.72, 7.00, 88.83
344.131,jump,-63.88, 6.10, 88.38
345.0476,location,-61.33, 8.91, 89.80
346.0476,jump,-61.64, 7.23, 88.78
346.0643,location,-61.67, 7.43, 88.68
347.0809,location,-64.86, 9.38, 86.68
348.0976,location,-65.87, 9.33, 87.40
349.1142,location,-66.78, 9.52, 87.73
349.9,lock no keyyellowKey,-68.79, 4.03, 88.32
350.1308,location,-68.59, 1.77, 88.95
350.6142,jump,-66.44, 1.35, 89.73
351.1475,location,-63.78, 4.54, 89.73
352.1642,location,-61.73, 7.23, 89.33
352.2808,jump,-62.09, 6.39, 88.85
353.1808,location,-63.48, 9.33, 86.53
354.1474,jump,-65.97, 9.33, 87.14
354.1974,location,-66.13, 9.71, 87.26
355.2141,location,-68.47, 10.68, 89.19
355.7974,jump,-71.22, 9.52, 89.14
356.2307,location,-71.53, 11.12, 87.36
356.44,diamond,-72.21, 11.12, 86.51
356.6,diamond,-72.82, 10.94, 86.02
356.68,diamond,-73.18, 10.71, 85.84
356.76,diamond,-73.55, 10.38, 85.69
356.84,diamond,-73.93, 9.96, 85.55
356.84,diamond,-73.93, 9.96, 85.55
356.86,diamond,-74.02, 9.84, 85.52
357.14,diamond,-75.41, 9.33, 85.32
357.18,diamond,-75.60, 9.33, 85.28
357.2474,location,-75.90, 9.33, 85.23
357.3307,jump,-76.29, 9.33, 85.16
357.36,diamond,-76.49, 9.71, 85.13
357.44,diamond,-76.88, 10.41, 85.18
357.46,diamond,-76.97, 10.57, 85.22
357.52,diamond,-77.20, 11.01, 85.42
357.68,diamond,-77.76, 11.04, 85.92
358.264,location,-78.81, 10.45, 84.89
358.764,jump,-76.77, 9.33, 84.69
358.96,diamond,-75.78, 10.99, 84.76
359.2807,location,-75.31, 11.04, 84.47
360.2973,location,-76.22, 9.33, 85.79
360.32,diamond,-76.17, 9.33, 85.98
360.3473,jump,-76.14, 9.33, 86.08
361.314,location,-77.09, 10.35, 85.21
362.264,jump,-77.15, 9.33, 86.80
362.3306,location,-77.21, 9.89, 87.09
363.3473,location,-78.36, 10.82, 90.14
363.62,diamond,-78.58, 9.91, 91.36
364.3639,location,-78.69, 9.87, 92.53
364.7,diamond,-77.39, 9.95, 92.76
365.12,diamond,-76.13, 9.95, 94.31
365.3806,location,-75.92, 10.08, 95.60
365.46,diamond,-75.86, 10.10, 95.99
365.76,diamond,-75.73, 10.09, 97.48
366.12,diamond,-75.94, 10.10, 99.26
366.3972,location,-75.92, 10.01, 100.56
366.52,diamond,-76.10, 10.02, 101.23
366.9,diamond,-77.50, 9.93, 102.44
367.4139,location,-78.20, 10.07, 103.39
368.1805,shoot,-77.40, 10.03, 102.79
368.4305,location,-76.79, 9.93, 101.83
369.4472,location,-75.44, 10.13, 97.58
370.4638,location,-76.19, 10.00, 93.09
371.4805,location,-76.19, 10.00, 93.09
371.8972,jump,-75.75, 9.87, 92.86
372.4971,location,-75.05, 13.17, 90.70
373.5138,location,-70.71, 6.93, 89.94
374.5304,location,-66.01, 1.35, 89.99
374.7971,jump,-65.51, 1.35, 89.91
375.5471,location,-61.77, 4.62, 89.97
376.5637,location,-63.37, 7.65, 88.35
377.5804,location,-61.61, 3.31, 88.87
378.2137,jump,-61.65, 7.65, 88.73
378.597,location,-62.68, 10.41, 87.40
379.6137,location,-64.62, 9.33, 83.19
380.6303,location,-62.63, 9.33, 79.07
381.647,location,-62.96, 9.33, 78.63
381.997,shoot,-62.96, 9.33, 78.63
382.6636,location,-62.72, 9.33, 78.19
383.2469,shoot,-62.21, 9.33, 76.17
383.6803,location,-62.21, 9.33, 76.17
384.4136,shoot,-61.94, 9.33, 75.31
384.6969,location,-61.94, 9.33, 75.31
385.7136,location,-64.36, 9.33, 73.82
386.7,lock no keygreenKey,-65.44, 9.33, 70.06
386.7302,location,-65.41, 9.33, 69.97
387.0969,shoot,-65.22, 9.33, 68.39
387.7469,location,-65.05, 9.33, 68.39
388.7635,location,-65.02, 9.33, 72.59
389.0635,shoot,-65.13, 9.33, 74.08
389.7802,location,-65.39, 9.33, 77.65
390.7802,location,-63.77, 9.33, 80.81
391.7968,location,-63.13, 9.33, 79.92
391.9135,shoot,-63.13, 9.33, 79.92
392.8134,location,-63.13, 9.33, 79.92
393.8301,location,-64.48, 9.33, 83.84
394.8467,location,-65.71, 9.33, 82.08
395.8634,location,-66.92, 9.33, 84.01
396.88,location,-66.78, 9.33, 81.63
397.8967,location,-66.29, 9.33, 78.36
398.9134,location,-64.60, 9.33, 82.71
399.93,location,-66.36, 9.33, 87.09
400.9466,location,-75.08, 9.33, 86.66
401.9633,location,-73.31, 9.33, 84.98
402.9799,location,-73.53, 9.52, 89.15
403.9966,location,-67.45, 5.99, 93.43
405.0132,location,-62.73, 1.35, 95.08
406.0299,location,-63.63, 1.35, 99.29
407.0465,location,-65.38, 1.35, 102.33
407.4132,shoot,-65.38, 1.35, 102.33
408.0632,location,-67.27, 1.35, 102.45
409.0798,location,-68.84, 1.35, 99.04
410.0965,location,-73.15, 1.35, 98.68
411.0298,shoot,-74.35, 1.35, 98.57
411.1131,location,-74.35, 1.35, 98.57
412.1298,location,-74.35, 1.35, 98.57
413.1467,location,-74.35, 1.35, 98.57
413.8299,shoot,-72.16, 1.35, 98.78
414.1631,location,-72.16, 1.35, 98.78
415.1797,location,-70.23, 1.35, 103.01
415.68,lock unlockedredKey,-69.78, 1.35, 105.54
416.1964,location,-69.68, 1.35, 107.17
417.213,location,-69.68, 1.35, 107.91
418.2131,location,-71.52, 1.35, 109.28
418.42,diamond,-72.49, 1.35, 109.80
419.18,diamond,-76.18, 1.35, 110.26
419.2296,location,-76.38, 1.35, 110.26
419.513,jump,-77.54, 1.35, 110.98
419.64,diamond,-77.48, 2.59, 111.67
419.98,diamond,-76.91, 4.38, 113.27
420.2463,location,-77.27, 4.57, 114.38
420.36,diamond,-77.63, 4.32, 114.83
420.84,diamond,-76.82, 1.35, 116.67
421.2629,location,-77.46, 1.35, 118.42
422.263,location,-77.88, 1.35, 115.20
422.32,diamond,-77.62, 1.35, 115.05
423.2631,location,-75.39, 1.35, 111.13
424.1962,jump,-71.64, 1.35, 109.00
424.2796,location,-71.25, 2.10, 108.97
425.2798,location,-66.81, 3.35, 109.94
425.38,diamond,-66.21, 2.49, 109.93
426.16,diamond,-62.36, 1.35, 110.05
426.2962,location,-61.77, 1.35, 110.19
427.04,diamond,-60.62, 1.35, 113.12
427.2963,location,-60.87, 1.35, 113.80
428,diamond,-61.03, 1.35, 117.22
428.3128,location,-61.90, 1.35, 118.41
428.78,diamond,-64.18, 1.35, 118.57
429.3295,location,-66.39, 1.35, 117.98
429.8,diamond,-68.27, 1.35, 117.34
429.88,diamond,-68.33, 1.35, 116.94
430.1,diamond,-69.09, 1.35, 116.22
430.16,diamond,-69.14, 1.35, 115.92
430.3298,location,-69.20, 1.35, 115.12
430.34,diamond,-69.20, 1.35, 115.02
430.4,diamond,-69.21, 1.35, 114.72
430.4463,jump,-69.22, 1.35, 114.52
430.54,diamond,-69.23, 1.75, 114.02
430.54,diamond,-69.23, 1.75, 114.02
431.3461,location,-69.79, 1.28, 112.25
432.3628,location,-74.45, 1.35, 111.47
433.3794,location,-71.53, 1.35, 109.12
434.3961,location,-67.68, 1.35, 110.13
435.4127,location,-69.33, 1.35, 114.59
436.4131,location,-67.63, 1.35, 118.82
436.6629,jump,-66.44, 1.35, 118.77
437.4293,location,-65.44, 4.43, 116.68
437.846,jump,-65.44, 3.44, 116.68
438.34,diamond,-65.73, 6.51, 115.03
438.36,diamond,-65.67, 6.55, 114.95
438.4,diamond,-65.56, 6.62, 114.78
438.446,location,-65.44, 6.66, 114.62
438.84,diamond,-64.74, 5.78, 114.56
439.2626,jump,-66.49, 5.35, 115.01
439.4626,location,-67.12, 7.00, 115.73
440.4793,location,-69.73, 6.25, 117.64
441.3126,jump,-69.92, 6.00, 117.69
441.4959,location,-70.79, 7.54, 117.92
441.82,diamond,-72.43, 9.12, 118.40
442.24,diamond,-72.81, 8.68, 117.96
442.36,diamond,-73.33, 8.07, 118.25
442.5,diamond,-73.33, 7.08, 118.25
442.5126,location,-73.33, 7.08, 118.25
442.8625,jump,-73.25, 6.50, 118.64
443.24,diamond,-73.21, 9.12, 120.52
443.24,diamond,-73.21, 9.12, 120.52
443.28,diamond,-73.32, 9.27, 120.68
443.5292,location,-73.77, 9.67, 120.16
443.88,diamond,-73.65, 8.64, 120.85
444.4792,jump,-73.49, 8.18, 122.04
444.5459,location,-73.44, 8.93, 122.18
444.72,diamond,-73.36, 10.34, 122.82
444.74,diamond,-73.36, 10.46, 122.92
444.8,diamond,-73.38, 10.78, 123.22
444.94,diamond,-73.42, 11.32, 123.92
445.5625,location,-74.34, 10.66, 123.83
445.8126,jump,-74.34, 10.65, 123.93
446.5628,location,-72.57, 13.85, 124.06
446.58,diamond,-72.47, 13.81, 124.05
446.74,diamond,-71.67, 13.33, 124.00
446.92,diamond,-71.76, 12.33, 123.93
447.04,diamond,-72.33, 11.40, 123.74
447.563,location,-71.22, 10.55, 123.62
447.68,diamond,-70.63, 10.53, 123.57
447.68,diamond,-70.63, 10.53, 123.57
447.7295,jump,-70.43, 10.52, 123.55
447.76,diamond,-70.43, 10.90, 123.55
447.86,diamond,-70.43, 11.75, 123.55
448.48,diamond,-68.28, 13.68, 123.83
448.5791,location,-67.88, 13.51, 123.80
448.62,diamond,-67.58, 13.31, 123.80
448.8,diamond,-67.08, 12.41, 123.85
448.92,diamond,-67.28, 11.54, 123.85
449.56,diamond,-65.99, 10.63, 123.96
449.56,diamond,-65.99, 10.63, 123.96
449.5958,location,-65.89, 10.63, 123.95
449.62,diamond,-65.69, 10.63, 123.93
449.7958,jump,-65.29, 10.63, 123.88
449.88,diamond,-65.29, 11.55, 123.88
450.6125,location,-65.29, 13.75, 123.88
451.6291,location,-67.70, 10.65, 124.03
452.4291,jump,-69.34, 10.42, 124.61
452.6292,location,-69.37, 12.09, 125.61
453.4,green key,-69.48, 12.87, 129.51
453.6457,location,-69.69, 12.34, 130.69
454.6624,location,-69.14, 12.05, 128.41
455.679,location,-70.34, 9.26, 125.34
456.129,jump,-70.23, 9.26, 125.34
456.6957,location,-71.35, 12.46, 123.74
457.696,location,-70.82, 6.84, 127.08
458.7123,location,-70.36, 5.29, 128.28
458.779,shoot,-70.36, 5.29, 128.28
459.7289,location,-70.97, 5.35, 127.63
460.7456,location,-71.64, 5.31, 127.44
461,diamond,-72.86, 3.06, 127.14
461.06,diamond,-72.97, 2.46, 126.86
461.7622,location,-74.37, 1.35, 125.59
462.46,diamond,-73.36, 1.35, 128.79
462.7626,location,-72.23, 1.35, 129.78
462.82,diamond,-71.93, 1.35, 129.77
462.9291,jump,-71.43, 1.35, 129.76
463.7792,location,-69.31, 4.34, 129.37
464.06,diamond,-70.12, 2.84, 129.82
464.48,diamond,-68.23, 1.35, 129.91
464.7955,location,-66.84, 1.35, 129.56
464.86,diamond,-66.45, 1.35, 129.48
465.18,diamond,-65.13, 1.35, 128.75
465.3622,jump,-65.27, 1.35, 127.86
465.7959,location,-65.18, 4.12, 126.70
466.48,diamond,-65.24, 2.86, 125.62
466.8122,location,-66.29, 1.35, 124.45
467.1621,jump,-66.87, 1.35, 122.81
467.8288,location,-65.94, 4.51, 120.13
468.8455,location,-61.93, 1.35, 117.63
469.1955,jump,-61.83, 1.35, 116.06
469.8455,location,-62.08, 4.65, 113.16
470.8458,location,-66.03, 1.35, 111.00
471.8623,location,-68.66, 1.35, 107.54
472.8624,location,-68.63, 1.35, 102.76
473.8787,location,-69.36, 1.35, 98.05
474.7288,shoot,-69.38, 1.35, 93.76
474.8954,location,-69.44, 1.35, 92.96
475.48,lock no keyyellowKey,-69.25, 1.35, 89.98
475.912,location,-69.24, 1.35, 88.31
476.4626,jump,-69.24, 1.35, 88.31
476.9125,location,-69.44, 3.42, 88.26
477.9286,location,-68.37, 1.35, 91.60
478.0453,jump,-68.48, 1.35, 91.22
478.88,lock no keyyellowKey,-69.38, 4.29, 88.38
478.9453,location,-69.44, 4.10, 88.38
479.9453,location,-70.11, 1.35, 90.84
480.9619,location,-71.98, 1.35, 95.02
481.9619,location,-76.51, 1.35, 97.03
482.12,lock no keyblueKey,-77.27, 1.35, 97.28
482.962,location,-78.87, 1.35, 97.78
483.9785,location,-76.15, 1.35, 99.82
484.9952,location,-72.07, 1.35, 96.89
486.0118,location,-70.44, 1.35, 92.35
486.5,lock no keyyellowKey,-69.77, 1.35, 89.94
486.5452,jump,-69.71, 1.35, 89.75
487.0285,location,-69.39, 4.31, 88.37
487.38,lock no keyyellowKey,-69.61, 4.28, 88.37
488.0451,location,-69.79, 1.35, 88.31
488.1784,jump,-69.79, 1.35, 88.31
489.0457,location,-69.34, 4.34, 91.11
490.0453,shoot,-69.32, 1.35, 92.01
490.0619,location,-69.32, 1.35, 92.01
491.0621,location,-69.23, 1.35, 95.31
491.8284,shoot,-69.29, 1.35, 93.11
492.0784,location,-69.55, 1.35, 93.68
493.095,location,-67.33, 1.35, 97.35
493.6955,jump,-67.80, 1.35, 100.31
494.0952,location,-68.11, 4.13, 102.29
495.095,jump,-68.91, 1.35, 107.22
495.1117,location,-68.93, 1.55, 107.32
496.1283,location,-68.68, 4.57, 110.58
496.2283,jump,-68.46, 4.55, 110.78
497.1287,location,-69.65, 7.33, 112.79
498.145,location,-69.65, 5.81, 112.79
498.2449,shoot,-69.65, 5.81, 112.79
499.1616,location,-69.65, 5.81, 112.79
500.1621,location,-69.65, 5.81, 112.79
501.1783,location,-69.65, 5.81, 112.79
501.5116,shoot,-69.65, 5.81, 112.79
502.1949,location,-69.65, 5.81, 112.79
503.2115,location,-69.22, 6.12, 115.24
503.6782,jump,-69.71, 5.99, 117.40
504.2282,location,-72.40, 9.23, 117.61
505.2448,location,-73.46, 6.50, 118.59
505.2615,jump,-73.46, 6.50, 118.69
506.2615,location,-73.61, 8.75, 121.29
506.4948,jump,-73.38, 8.18, 121.47
507.2615,location,-70.66, 11.38, 124.12
507.6948,jump,-69.90, 10.43, 124.42
508.2781,location,-70.06, 13.68, 127.30
509.2948,location,-69.87, 12.30, 131.40
510.1614,jump,-69.48, 12.31, 129.43
510.3114,location,-69.35, 13.52, 128.75
511.3281,location,-69.51, 13.05, 124.24
512.3447,location,-69.28, 5.90, 119.24
513.1114,jump,-69.20, 6.10, 115.45
513.3613,location,-69.26, 8.17, 114.19
514.378,location,-68.17, 6.67, 109.57
515.3947,location,-68.32, 1.35, 109.21
515.4946,jump,-68.46, 1.35, 109.08
516.4113,location,-69.06, 5.67, 112.22
516.7113,jump,-69.07, 5.74, 112.42
517.428,location,-68.43, 8.98, 112.69
517.8279,shoot,-68.43, 7.42, 112.69
518.4446,location,-68.43, 5.49, 112.69
518.528,jump,-68.43, 5.49, 112.69
519.3779,shoot,-68.43, 8.47, 112.69
519.4612,location,-68.43, 8.12, 112.69
520.4779,location,-68.43, 5.49, 112.86
521.4946,location,-68.77, 6.01, 113.84
521.8779,jump,-68.97, 6.07, 113.86
522.5112,location,-68.97, 9.39, 113.86
523.5278,location,-69.76, 4.10, 110.01
524.5445,location,-69.80, 1.35, 104.97
525.5611,location,-69.76, 1.35, 100.15
526.5612,location,-71.00, 1.35, 97.78
526.9944,shoot,-71.00, 1.35, 97.78
527.5778,location,-71.53, 1.35, 95.44
528.5944,location,-70.33, 1.35, 90.90
528.8,lock no keyyellowKey,-70.17, 1.35, 89.82
529.4944,jump,-69.61, 1.35, 88.30
529.6111,location,-69.49, 2.44, 88.30
530.1611,shoot,-69.85, 3.41, 88.26
530.6277,location,-69.82, 1.71, 88.94
531.6443,location,-68.08, 1.35, 92.54
531.9777,jump,-66.51, 1.35, 92.86
532.661,location,-63.31, 4.68, 91.82
533.6777,location,-62.75, 7.65, 90.58
533.7443,jump,-62.62, 7.09, 90.20
534.6943,location,-63.60, 9.68, 86.27
535.711,location,-64.32, 9.33, 81.24
536.7276,location,-64.26, 9.33, 76.14
537.7443,location,-65.31, 9.33, 71.20
537.98,lock unlockedgreenKey,-65.50, 9.33, 70.01
538.7609,location,-65.53, 9.33, 68.39
539.7776,location,-65.43, 9.33, 69.33
540.48,diamond,-63.33, 9.33, 66.69
540.52,diamond,-63.15, 9.33, 66.61
540.68,diamond,-62.41, 9.33, 66.30
540.7,diamond,-62.32, 9.33, 66.26
540.76,diamond,-62.06, 9.33, 66.11
540.78,diamond,-61.98, 9.33, 66.05
540.7942,location,-61.98, 9.33, 66.05
540.82,diamond,-61.83, 9.33, 65.92
540.84,diamond,-61.75, 9.33, 65.85
540.86,diamond,-61.68, 9.33, 65.79
540.8776,jump,-61.68, 9.33, 65.79
541.7946,location,-61.14, 10.56, 65.10
542.8109,location,-64.07, 9.33, 62.54
543.14,diamond,-64.79, 9.33, 61.43
543.3275,jump,-65.67, 9.33, 61.60
543.48,diamond,-66.47, 10.71, 61.69
543.8275,location,-68.16, 11.04, 61.83
544.04,diamond,-69.26, 11.01, 61.88
544.5,diamond,-71.56, 9.34, 61.87
544.6275,jump,-72.16, 9.34, 61.87
544.8442,location,-73.26, 11.04, 61.87
544.9,diamond,-73.56, 11.04, 61.87
545.44,diamond,-76.26, 10.84, 61.84
545.8608,location,-78.36, 9.34, 61.77
545.88,diamond,-78.46, 9.34, 61.77
545.9608,jump,-78.86, 9.34, 61.76
546.24,diamond,-80.26, 11.04, 61.72
546.8776,location,-83.35, 10.57, 61.62
546.92,yellow key,-83.62, 10.32, 61.54
547.8941,location,-81.25, 9.34, 61.12
548.9107,location,-76.15, 9.34, 61.23
549.9274,location,-71.05, 9.34, 61.34
550.944,location,-66.72, 9.33, 63.37
551.9607,location,-66.35, 9.33, 68.25
552.9773,location,-66.01, 9.33, 73.05
553.994,location,-65.94, 9.33, 78.15
554.9942,location,-65.53, 9.33, 83.05
556.0106,location,-67.48, 9.33, 87.31
556.1273,jump,-67.91, 9.33, 87.69
557.0272,location,-69.12, 12.12, 91.44
558.0439,location,-70.91, 9.52, 91.40
559.06,lock unlockedyellowKey,-69.03, 1.35, 89.95
559.0605,location,-69.03, 1.35, 89.95
560.0772,location,-69.48, 1.35, 88.30
561.0939,location,-68.86, 1.33, 85.25
561.18,diamond,-68.95, 1.33, 84.75
561.64,diamond,-68.93, 1.33, 82.56
562.1105,location,-68.78, 1.33, 80.27
562.16,diamond,-68.75, 1.33, 79.97
562.68,diamond,-68.74, 1.33, 77.37
563.1271,location,-68.94, 1.33, 75.18
563.28,diamond,-69.00, 1.33, 74.38
563.3271,jump,-69.01, 1.33, 74.19
564.1,diamond,-68.93, 4.45, 70.34
564.1438,location,-69.01, 4.36, 70.16
564.66,diamond,-69.90, 3.52, 69.02
565.08,diamond,-71.99, 3.50, 69.10
565.1605,location,-72.39, 3.51, 69.15
565.6,diamond,-74.58, 3.58, 69.36
566.12,diamond,-77.18, 2.74, 69.46
566.1771,location,-77.38, 2.64, 69.45
566.5,diamond,-79.08, 1.33, 69.42
567.1937,location,-79.86, 1.33, 70.66
568.2104,location,-80.22, 1.33, 74.76
569.027,jump,-81.87, 1.33, 78.22
569.2271,location,-82.23, 3.00, 79.15
570.1603,shoot,-83.93, 2.81, 83.02
570.2,pole sphere activated,-83.82, 2.51, 83.18
570.2437,location,-83.77, 2.20, 83.33
570.94,diamond,-81.98, 1.33, 85.69
571.2603,location,-82.74, 1.33, 86.60
572.22,diamond,-79.66, 1.33, 86.75
572.2437,jump,-79.56, 1.33, 86.76
572.277,location,-79.46, 1.52, 86.76
573.2936,location,-78.28, 3.41, 86.83
573.62,diamond,-77.19, 1.33, 86.72
574.1,diamond,-74.80, 1.33, 86.52
574.3103,location,-73.81, 1.33, 86.40
575.3269,location,-73.61, 1.33, 86.38
575.7603,shoot,-73.61, 1.33, 86.38
576,pole sphere activated,-73.61, 1.33, 86.38
576.3436,location,-73.61, 1.33, 86.38
577.3602,location,-76.48, 1.33, 85.47
578.0602,jump,-76.97, 1.33, 82.01
578.3769,location,-77.18, 3.58, 80.52
578.64,diamond,-77.30, 4.46, 79.15
578.66,diamond,-77.20, 4.48, 79.14
578.94,diamond,-77.12, 4.10, 78.93
579,diamond,-77.15, 3.86, 78.63
579.02,diamond,-77.16, 3.77, 78.53
579.04,diamond,-77.17, 3.68, 78.43
579.06,diamond,-77.18, 3.58, 78.33
579.1,diamond,-77.19, 3.35, 78.13
579.1,diamond,-77.19, 3.35, 78.13
579.1,diamond,-77.19, 3.35, 78.13
579.14,diamond,-77.21, 3.11, 77.93
579.14,diamond,-77.21, 3.11, 77.93
579.16,diamond,-77.22, 2.98, 77.83
579.18,diamond,-77.22, 2.84, 77.83
579.18,diamond,-77.22, 2.84, 77.83
579.24,diamond,-77.22, 2.39, 77.83
579.26,diamond,-77.22, 2.23, 77.83
579.26,diamond,-77.22, 2.23, 77.83
579.3936,location,-77.22, 2.05, 77.83
579.62,diamond,-77.25, 2.05, 77.63
580.0768,jump,-77.31, 2.05, 77.24
580.18,diamond,-77.31, 3.14, 77.24
580.2,diamond,-77.31, 3.30, 77.24
580.3,diamond,-77.31, 4.02, 77.24
580.3,diamond,-77.31, 4.02, 77.24
580.34,diamond,-77.31, 4.26, 77.24
580.4102,location,-77.31, 4.58, 77.24
580.42,diamond,-77.31, 4.68, 77.24
580.46,diamond,-77.31, 4.85, 77.24
580.46,diamond,-77.31, 4.85, 77.24
580.52,diamond,-77.31, 5.06, 77.24
581.4268,location,-77.31, 2.05, 77.24
582.4435,location,-77.31, 2.05, 77.24
583.4601,location,-77.31, 2.05, 77.24
584.0768,shoot,-77.31, 2.05, 77.24
584.4768,location,-77.31, 2.05, 77.24
585.4934,location,-78.99, 2.05, 76.35
586.5101,location,-82.04, 1.33, 72.40
587.5104,location,-85.46, 1.33, 71.83
588.5269,location,-85.46, 1.33, 71.83
588.8768,shoot,-85.46, 1.33, 71.83
589.46,pole sphere activated,-84.80, 1.33, 72.08
589.5433,location,-84.43, 1.33, 72.14
590.56,location,-82.99, 1.33, 72.75
591.5601,location,-78.75, 1.33, 71.71
592.5767,location,-77.24, 1.33, 71.19
593.5933,location,-80.93, 1.33, 73.03
594.5934,location,-77.94, 1.33, 73.80
595.6099,location,-77.17, 1.33, 72.29
596.3101,shoot,-77.17, 1.33, 72.29
596.6266,location,-77.17, 1.33, 72.29
597.6266,location,-77.17, 1.33, 72.29
598.2434,jump,-75.75, 1.33, 70.90
598.6432,location,-75.68, 4.10, 69.40
599.6599,location,-72.16, 3.34, 68.60
599.6932,jump,-72.20, 3.18, 68.42
600.6765,location,-76.15, 5.71, 66.50
601.6931,location,-80.82, 5.33, 65.88
602.24,hold button enter,-82.49, 5.33, 66.97
602.6932,location,-84.06, 5.33, 66.15
603.7098,location,-83.60, 5.33, 65.53
604.71,location,-82.44, 5.33, 65.14
605.7264,location,-82.44, 5.33, 65.14
605.9097,shoot,-82.44, 5.33, 65.14
606.72,pole sphere activated,-82.44, 5.33, 65.14
606.7266,location,-82.44, 5.33, 65.14
607.743,location,-82.44, 5.33, 65.92
607.94,hold button leave,-81.53, 5.33, 66.23
608.7432,location,-79.72, 5.33, 66.35
609.4099,jump,-78.45, 5.33, 67.27
609.7599,location,-78.59, 7.82, 68.83
610.7765,location,-78.11, 4.86, 73.66
611.5596,jump,-77.67, 1.33, 75.18
611.793,location,-77.67, 3.29, 75.18
612.7933,location,-77.45, 1.90, 74.90
613.8096,location,-77.93, 1.33, 73.37
614.0429,jump,-77.96, 1.33, 73.27
614.8268,location,-77.20, 4.39, 76.32
615.34,diamond,-77.35, 5.57, 76.95
615.36,diamond,-77.35, 5.73, 76.95
615.42,diamond,-77.35, 6.21, 76.95
615.46,diamond,-77.35, 6.53, 76.95
615.48,diamond,-77.35, 6.69, 76.95
615.52,diamond,-77.35, 7.01, 76.95
615.56,diamond,-77.35, 7.33, 76.95
615.56,diamond,-77.35, 7.33, 76.95
615.58,diamond,-77.35, 7.49, 76.95
615.62,diamond,-77.35, 7.81, 76.95
615.84,blue key,-77.35, 9.57, 76.95
615.8429,jump,-77.35, 9.57, 76.95
615.8429,location,-77.35, 9.57, 76.95
616.8596,location,-77.62, 10.12, 78.82
616.9,diamond,-77.60, 9.78, 79.12
617.8762,location,-76.25, 1.33, 83.46
618.8928,location,-80.88, 1.33, 85.09
619.44,diamond,-83.42, 1.33, 86.27
619.8929,location,-84.47, 1.33, 86.67
620.9095,location,-79.52, 1.33, 86.55
621.9098,location,-74.52, 1.33, 86.59
622.9261,location,-69.69, 1.32, 87.51
623.9427,location,-68.70, 1.35, 92.22
624.9429,location,-68.57, 1.35, 97.22
625.9433,location,-68.62, 1.35, 102.21
626.9599,location,-70.75, 1.35, 105.90
627.9766,location,-74.52, 1.35, 102.47
628.9928,location,-77.94, 1.35, 99.26
629,lock unlockedblueKey,-77.99, 1.35, 99.17
630.0095,location,-78.87, 1.35, 97.98
631.0095,location,-82.04, 1.40, 97.18
632.0259,location,-83.15, 1.40, 97.41
632.1426,shoot,-83.15, 1.40, 97.41
633.0426,location,-83.86, 1.39, 98.11
634.0593,location,-87.23, 1.37, 97.74
635.0759,location,-92.33, 1.22, 97.65
635.1,game end,-92.53, 1.23, 97.65
762.6572,ankieta PO_good_high_adequate amount_neutral_neutral_no_yes,-92.53, 1.23, 97.65
762.6572,What the dog doin,-92.53, 1.23, 97.65
