czas,bzdura,x,y,z
45.78773,ankieta PRZED_średni_średnia ilość informacji,0.00, 2.95, 0.00
49.34169,True,0.00, 2.95, 0.00
49.34169,location,0.00, 2.95, 0.00
50.34275,location,0.00, 2.17, 0.00
51.34385,location,0.28, 2.18, 0.71
52,diamond,0.06, 2.17, 3.98
52.34497,location,0.02, 2.17, 5.38
52.9,diamond,0.00, 2.17, 6.88
53.34609,location,-0.01, 2.17, 9.08
53.54,diamond,0.02, 2.17, 10.08
54.11361,jump,0.13, 2.17, 12.88
54.24,diamond,0.15, 3.41, 13.58
54.34721,location,0.17, 4.12, 14.08
55.34837,location,-0.10, 2.96, 12.80
56.34949,location,-0.12, 2.17, 13.69
57.18,diamond,0.02, 1.72, 16.95
57.35057,jump,-0.02, 1.62, 17.75
57.35057,location,-0.02, 1.62, 17.75
57.64,diamond,-0.08, 3.91, 19.25
58.06,diamond,-0.17, 4.85, 21.35
58.3517,location,-0.24, 4.01, 22.75
59.06,diamond,-0.38, -2.41, 25.35
59.35282,location,-0.40, -2.68, 25.35
60.35396,location,-1.15, -2.68, 23.55
60.74,diamond,-3.03, -2.68, 23.83
61.35505,location,-6.02, -2.68, 24.14
61.56,diamond,-7.11, -2.68, 24.24
62.35617,location,-8.16, -2.68, 22.18
62.54,diamond,-8.10, -2.68, 21.18
63.28,diamond,-7.98, -2.68, 17.49
63.3573,location,-8.01, -2.68, 17.19
64.12,diamond,-7.94, -2.68, 13.77
64.35841,location,-7.83, -2.68, 12.80
65.35953,location,-3.61, -2.68, 11.94
66.36064,location,-5.63, -2.68, 12.62
66.71105,jump,-5.76, -2.68, 14.31
67.36176,location,-3.97, 0.58, 15.94
68.3629,location,-1.77, -2.68, 13.84
68.46,diamond,-1.31, -2.68, 13.65
68.46,diamond,-1.31, -2.68, 13.65
68.64,diamond,-0.66, -2.68, 13.04
68.8,diamond,-0.34, -2.68, 12.31
68.8,diamond,-0.34, -2.68, 12.31
68.84676,jump,-0.30, -2.68, 12.11
68.92,diamond,-0.25, -1.94, 11.72
69.36,diamond,0.38, -1.73, 12.02
69.36401,location,0.38, -1.73, 12.02
69.38,diamond,0.46, -1.74, 12.07
69.72,diamond,1.10, -2.27, 11.00
70.36514,location,-0.39, -2.68, 10.64
71.08,diamond,-0.13, -2.68, 12.41
71.26,diamond,-0.12, -2.68, 13.31
71.36626,location,-0.11, -2.68, 13.81
71.4,diamond,-0.11, -2.68, 14.01
71.42,diamond,-0.11, -2.68, 14.11
71.48,diamond,-0.11, -2.68, 14.41
71.48,diamond,-0.11, -2.68, 14.41
71.64,diamond,-0.10, -2.68, 15.21
71.78,diamond,-0.07, -2.68, 15.91
71.8,diamond,-0.06, -2.68, 16.01
71.84,diamond,-0.05, -2.68, 16.21
71.86,diamond,-0.04, -2.68, 16.31
72.36738,location,0.16, -2.68, 17.69
73.3685,location,0.76, -2.68, 14.23
74.36961,location,1.88, -2.75, 10.98
75.37074,location,-1.20, -2.68, 10.60
76.37186,location,-2.41, -2.68, 14.49
76.50533,jump,-2.91, -2.68, 14.96
77.37296,location,-3.98, 0.19, 18.51
78.37408,location,-0.99, -2.68, 22.33
79.25999,diamond,2.92, -2.68, 23.80
79.37524,location,3.42, -2.68, 23.85
80,diamond,6.62, -2.68, 23.92
80.37634,location,7.54, -2.68, 22.72
80.68,diamond,7.44, -2.68, 21.13
81.37745,location,7.79, -2.68, 17.93
81.46,diamond,7.98, -2.68, 17.51
82.22,diamond,7.75, -2.68, 13.72
82.37856,location,7.59, -2.68, 13.05
83.37966,location,6.08, -2.68, 17.22
84.38078,location,4.20, -2.68, 21.67
85.38192,location,-0.64, -2.68, 22.06
86.13277,jump,-2.79, -2.68, 19.70
86.38305,location,-2.57, -0.61, 18.48
87.38415,location,-2.37, -1.19, 13.92
87.68448,jump,-2.35, -1.20, 13.89
88.38531,location,-2.71, 0.14, 11.37
88.98598,jump,-2.70, -0.17, 10.64
89.38642,location,-2.34, 2.58, 9.21
90.38751,location,-1.02, 2.34, 4.84
91.38862,location,2.37, 1.74, 2.48
92.38974,location,2.41, 1.74, 0.52
92.52325,jump,2.41, 1.74, 0.47
93.39088,location,1.24, 4.60, -0.91
94.39198,location,0.90, 2.31, -3.70
95.39313,location,1.28, 2.36, -5.36
96.39421,location,0.55, 2.18, -1.82
97.39536,location,0.39, 2.18, 3.17
98.39648,location,0.14, 2.17, 8.16
99.39764,location,0.09, 2.17, 13.16
100.382,jump,0.04, 1.41, 18.16
100.3987,location,0.04, 1.41, 18.16
101.3998,location,0.09, 3.65, 23.16
101.48,diamond,0.10, 3.05, 23.66
102.4009,location,-0.48, -2.68, 25.36
103.4021,location,-3.07, -2.68, 23.12
104.4032,location,-3.97, -2.68, 19.13
104.4699,jump,-3.89, -2.68, 18.84
105.4043,location,-3.66, -0.02, 14.16
105.8548,jump,-2.83, -0.23, 12.12
106.4054,location,-2.43, 2.99, 9.35
107.4066,location,1.03, 2.27, 7.85
108.4077,location,0.94, 2.37, 9.25
109.4088,location,0.76, 2.23, 14.25
110.3098,jump,0.82, 1.61, 18.75
110.4099,location,0.82, 2.52, 19.25
111.411,location,0.59, 3.41, 24.24
111.7113,jump,0.37, 1.23, 25.72
111.76,diamond,0.31, 1.80, 26.02
112.4121,location,-0.29, 4.48, 29.11
113.4132,location,1.34, 1.32, 29.76
113.54,diamond,1.02, 1.32, 29.15
114.4144,location,0.14, 1.32, 29.57
114.94,diamond,0.63, 1.32, 31.54
115.4155,location,0.09, 1.32, 33.62
115.64,diamond,0.07, 1.32, 34.82
116.36,diamond,0.40, 1.32, 38.40
116.4166,location,0.43, 1.32, 38.60
117.04,diamond,0.63, 1.32, 41.78
117.4177,location,0.42, 1.32, 43.15
118.4188,location,-1.42, 1.32, 38.81
119.42,location,-3.26, 1.32, 34.17
119.48,diamond,-3.40, 1.32, 33.80
119.52,diamond,-3.47, 1.32, 33.61
119.58,diamond,-3.57, 1.32, 33.32
119.7,diamond,-3.75, 1.32, 32.75
119.76,diamond,-3.85, 1.32, 32.47
120.4211,location,-2.85, 1.32, 31.77
121.4222,location,-3.85, 1.32, 32.40
122.4234,location,-3.61, 1.32, 36.77
123.3243,jump,-6.61, 3.55, 34.26
123.4244,location,-6.82, 4.46, 33.81
123.78,diamond,-7.13, 6.47, 33.29
123.98,diamond,-7.47, 6.75, 32.92
124.02,diamond,-7.59, 6.73, 32.77
124.16,diamond,-8.03, 6.49, 32.22
124.18,diamond,-8.09, 6.43, 32.14
124.34,diamond,-8.46, 5.74, 31.67
124.34,diamond,-8.46, 5.74, 31.67
124.4256,location,-8.46, 5.25, 31.67
124.54,diamond,-8.14, 4.68, 31.43
124.56,diamond,-8.06, 4.64, 31.38
124.86,diamond,-7.77, 4.49, 31.33
124.88,diamond,-7.67, 4.44, 31.34
125.12,diamond,-7.24, 4.24, 31.01
125.14,diamond,-7.21, 4.23, 30.91
125.22,diamond,-7.22, 4.25, 30.51
125.4267,location,-7.31, 4.31, 30.23
125.8438,jump,-7.31, 4.31, 30.23
125.88,diamond,-7.31, 4.69, 30.23
125.9,diamond,-7.31, 4.87, 30.23
125.94,diamond,-7.31, 5.21, 30.23
126,diamond,-7.31, 5.68, 30.23
126.4278,location,-8.05, 6.99, 30.53
127.4289,location,-7.86, 4.52, 31.86
127.479,jump,-7.77, 4.47, 32.03
128.43,location,-3.93, 6.34, 33.19
129.4312,location,0.32, 1.32, 34.35
130.3989,jump,4.77, 1.30, 33.23
130.4323,location,4.96, 1.69, 33.16
130.88,diamond,6.99, 4.43, 32.31
131.32,diamond,7.19, 4.07, 32.28
131.42,diamond,7.68, 3.59, 32.28
131.4334,location,7.68, 3.59, 32.28
131.6,normal button enter,8.58, 2.34, 32.36
132.4345,location,8.83, 1.32, 32.49
133.4356,location,7.76, 1.32, 32.31
134.4367,location,6.28, 1.32, 35.47
135.4379,location,1.89, 1.32, 37.73
136.439,location,-2.97, 1.32, 38.87
136.706,jump,-4.35, 1.32, 39.11
137.4401,location,-6.26, 4.47, 39.68
137.64,diamond,-7.22, 3.91, 39.96
137.64,diamond,-7.22, 3.91, 39.96
137.72,diamond,-7.61, 3.52, 40.05
137.88,normal button enter,-8.38, 2.46, 40.27
138.4412,location,-8.66, 1.32, 40.35
139.4423,location,-8.18, 1.32, 40.47
140.4435,location,-3.44, 1.32, 40.86
141.4446,location,-0.72, 1.32, 44.60
142.4457,location,-0.04, 1.32, 49.54
142.5625,jump,-0.04, 1.32, 50.14
142.74,diamond,-0.09, 2.83, 51.04
143.4468,location,-1.15, 4.09, 54.24
143.66,diamond,-2.01, 2.97, 54.93
144.26,diamond,-2.94, 1.32, 55.59
144.448,location,-3.81, 1.32, 55.80
145.02,diamond,-5.59, 1.32, 56.09
145.4491,location,-7.67, 1.32, 56.36
145.62,diamond,-8.57, 1.32, 56.37
146.34,diamond,-12.17, 1.32, 56.26
146.4502,location,-12.67, 1.32, 56.25
147.4513,location,-15.11, 1.32, 55.26
147.66,diamond,-15.34, 1.32, 54.18
147.68,diamond,-15.36, 1.32, 54.08
147.82,diamond,-15.51, 1.32, 53.40
147.84,diamond,-15.53, 1.32, 53.30
147.88,diamond,-15.57, 1.32, 53.11
147.98,diamond,-15.68, 1.32, 52.62
148,diamond,-15.70, 1.32, 52.52
148.04,diamond,-15.74, 1.32, 52.32
148.06,diamond,-15.76, 1.32, 52.23
148.44,diamond,-15.92, 1.32, 50.33
148.4524,location,-15.92, 1.32, 50.33
148.46,diamond,-15.93, 1.32, 50.23
148.62,diamond,-15.97, 1.32, 49.44
148.68,diamond,-15.99, 1.32, 49.14
148.72,diamond,-16.00, 1.32, 48.94
148.84,diamond,-16.04, 1.32, 48.34
148.86,diamond,-16.04, 1.32, 48.24
149.34,diamond,-15.99, 1.32, 45.84
149.36,diamond,-15.99, 1.32, 45.74
149.36,diamond,-15.99, 1.32, 45.74
149.38,diamond,-15.98, 1.32, 45.64
149.42,diamond,-15.97, 1.32, 45.44
149.4535,location,-15.97, 1.32, 45.34
149.64,diamond,-15.93, 1.32, 44.34
149.64,diamond,-15.93, 1.32, 44.34
149.66,diamond,-15.92, 1.32, 44.24
149.66,diamond,-15.92, 1.32, 44.24
150.4547,location,-16.75, 1.32, 43.26
150.76,diamond,-18.27, 1.29, 43.75
150.8,diamond,-18.46, 1.29, 43.78
150.96,diamond,-19.26, 1.29, 43.86
150.98,diamond,-19.36, 1.29, 43.87
151,diamond,-19.46, 1.29, 43.88
151.16,diamond,-20.26, 1.29, 43.95
151.18,diamond,-20.36, 1.29, 43.95
151.4558,location,-21.65, 1.29, 43.91
151.54,diamond,-22.15, 1.32, 43.91
151.56,diamond,-22.25, 1.32, 43.91
151.66,diamond,-22.75, 1.32, 43.97
151.68,diamond,-22.85, 1.32, 43.99
151.7,diamond,-22.95, 1.32, 44.00
151.84,diamond,-23.63, 1.32, 44.16
151.86,diamond,-23.72, 1.32, 44.19
151.88,diamond,-23.82, 1.32, 44.23
151.9,diamond,-23.91, 1.32, 44.27
152.4,diamond,-24.76, 1.32, 46.50
152.42,diamond,-24.74, 1.32, 46.60
152.4569,location,-24.71, 1.32, 46.69
152.58,diamond,-24.51, 1.32, 47.36
152.6,diamond,-24.48, 1.32, 47.46
152.6,diamond,-24.48, 1.32, 47.46
152.78,diamond,-24.23, 1.32, 48.32
152.8,diamond,-24.20, 1.32, 48.42
152.82,diamond,-24.17, 1.32, 48.52
153.18,diamond,-24.03, 1.32, 50.30
153.2,diamond,-24.03, 1.32, 50.40
153.24,diamond,-24.04, 1.32, 50.60
153.26,diamond,-24.04, 1.32, 50.70
153.32,diamond,-24.05, 1.32, 51.00
153.458,location,-23.99, 1.32, 51.60
153.48,diamond,-23.95, 1.32, 51.79
153.5,diamond,-23.93, 1.32, 51.89
153.52,diamond,-23.91, 1.32, 51.99
153.54,diamond,-23.89, 1.32, 52.09
154.14,diamond,-21.87, 1.30, 52.78
154.16,diamond,-21.78, 1.29, 52.73
154.3,diamond,-21.19, 1.29, 52.35
154.34,diamond,-21.03, 1.29, 52.24
154.4,diamond,-20.77, 1.29, 52.08
154.44,diamond,-20.61, 1.29, 51.97
154.4592,location,-20.61, 1.29, 51.97
154.46,diamond,-20.52, 1.29, 51.92
154.52,diamond,-20.27, 1.29, 51.75
154.56,diamond,-20.08, 1.29, 51.80
155.06,diamond,-19.87, 1.29, 50.05
155.1,diamond,-19.93, 1.29, 49.86
155.12,diamond,-19.96, 1.29, 49.76
155.16,diamond,-20.02, 1.29, 49.57
155.18,diamond,-20.05, 1.29, 49.47
155.38,diamond,-20.33, 1.29, 48.52
155.4,diamond,-20.36, 1.29, 48.42
155.4603,location,-20.45, 1.29, 48.13
155.48,diamond,-20.47, 1.29, 48.04
155.82,diamond,-20.47, 1.29, 46.34
155.84,diamond,-20.46, 1.29, 46.24
156.4614,location,-19.58, 1.29, 44.31
157.3,diamond,-17.73, 1.32, 47.33
157.32,diamond,-17.69, 1.32, 47.42
157.4625,location,-17.43, 1.32, 48.07
158.2467,jump,-17.69, 1.32, 48.69
158.44,diamond,-18.57, 2.99, 48.21
158.4636,location,-18.66, 3.12, 48.16
159.4647,location,-22.29, 2.16, 49.21
159.48,diamond,-22.33, 1.99, 49.12
160.4658,location,-23.29, 1.32, 48.22
161.467,location,-20.97, 1.29, 50.49
162.4681,location,-19.36, 1.31, 54.73
163.4693,location,-15.16, 1.32, 56.46
164.4704,location,-10.17, 1.32, 56.36
165.4715,location,-5.17, 1.32, 56.25
166.4726,location,-0.41, 1.32, 55.49
167.4737,location,4.06, 1.32, 56.42
168.4748,location,8.82, 1.32, 55.34
169.476,location,13.49, 1.32, 53.99
170.4771,location,15.52, 1.32, 49.77
171.32,red key,15.88, 1.32, 45.50
171.4782,location,15.76, 1.32, 44.81
172.4793,location,15.73, 1.32, 47.24
173.4804,location,14.12, 1.32, 52.03
174.4815,location,9.99, 1.32, 54.82
175.4827,location,5.49, 1.32, 55.94
176.4838,location,0.73, 1.32, 56.01
176.5172,jump,0.63, 1.32, 56.03
177.4849,location,-4.25, 3.90, 56.01
177.9854,jump,-6.75, 1.32, 56.06
178.486,location,-9.25, 4.34, 56.14
179.3537,jump,-13.54, 1.32, 55.79
179.4871,location,-14.23, 2.56, 55.72
180.4883,location,-19.22, 2.90, 55.60
181.44,lock unlockedredKey,-23.82, 1.32, 56.24
181.4894,location,-24.02, 1.32, 56.25
182.4905,location,-24.04, 1.32, 56.27
183.4916,location,-24.24, 1.32, 56.19
184.4928,location,-29.23, 1.32, 55.93
185.4938,location,-29.53, 1.32, 55.91
186.4949,location,-29.09, 1.32, 56.62
187.4961,location,-31.46, 1.32, 60.38
188.4972,location,-33.19, 1.32, 61.07
189.4983,location,-32.50, 1.32, 58.55
190.4995,location,-32.41, 1.32, 58.57
190.94,hold button enter,-30.74, 1.32, 57.45
191.5006,location,-30.84, 1.32, 56.25
191.56,diamond,-30.87, 1.32, 56.05
192.5017,location,-32.56, 1.32, 56.20
192.9355,jump,-32.96, 1.32, 56.21
192.98,diamond,-33.26, 1.89, 56.21
193.02,hold button leave,-33.46, 2.24, 56.22
193.16,diamond,-34.16, 3.27, 56.23
193.5028,location,-35.86, 4.56, 56.24
193.52,diamond,-35.96, 4.58, 56.25
193.82,diamond,-37.46, 4.19, 56.23
194.5039,location,-38.47, 1.29, 55.49
195.505,location,-35.23, 1.29, 55.29
196.5061,location,-39.66, 1.29, 53.04
197.5072,location,-43.78, 1.29, 51.22
198.5084,location,-43.78, 1.29, 51.22
199.5095,location,-43.78, 1.29, 51.22
200.5106,location,-39.12, 1.29, 50.71
201.5117,location,-34.71, 1.29, 52.70
202.2,hold button enter,-31.94, 1.32, 54.61
202.5128,location,-32.04, 1.32, 56.00
203.514,location,-33.46, 1.32, 56.13
203.58,hold button leave,-33.86, 1.32, 56.11
203.5807,jump,-33.86, 1.32, 56.11
204.5151,location,-38.44, 3.93, 56.24
205.5162,location,-36.88, 1.29, 57.33
206.5173,location,-36.13, 1.29, 53.32
207.5185,location,-40.57, 1.29, 51.36
208.5196,location,-45.09, 1.32, 49.22
209.5207,location,-47.29, 1.31, 48.52
209.5707,jump,-47.29, 1.31, 48.52
210.5218,location,-49.06, 3.22, 47.84
211.5229,location,-49.40, 1.31, 48.90
212.524,location,-47.73, 1.31, 50.15
213.5252,location,-46.61, 1.32, 52.84
214.5263,location,-46.61, 1.32, 52.84
215.5274,location,-46.84, 1.32, 52.66
216.5285,location,-49.36, 1.32, 52.45
217.5296,location,-49.41, 1.32, 51.27
218.5308,location,-45.74, 1.29, 53.58
219.5319,location,-44.60, 1.29, 53.94
220.533,location,-46.07, 1.32, 55.37
221.5342,location,-46.99, 1.32, 60.08
222.5352,location,-47.95, 1.31, 63.54
223.5364,location,-46.08, 1.31, 63.42
224.5375,location,-41.29, 1.32, 62.80
225.5386,location,-36.78, 1.29, 61.49
226.5397,location,-33.04, 1.32, 58.46
226.68,hold button enter,-32.63, 1.32, 57.78
227.5408,location,-32.87, 1.32, 56.76
228.5419,location,-32.45, 1.32, 55.70
229.5431,location,-32.49, 1.32, 56.30
230.5442,location,-32.19, 1.32, 56.29
230.88,hold button leave,-33.89, 1.32, 56.16
231.0781,jump,-34.79, 1.29, 56.15
231.5453,location,-37.18, 4.36, 56.28
231.98,gun,-39.38, 4.15, 56.26
232.22,diamond,-40.58, 4.90, 56.21
232.5464,location,-40.78, 5.85, 56.21
232.6,diamond,-40.78, 5.95, 56.21
233.2305,jump,-40.78, 5.95, 56.21
233.5476,location,-40.74, 7.01, 55.31
234.5487,location,-40.73, 5.86, 55.21
235.2828,shoot,-40.73, 5.86, 55.21
235.5498,location,-40.73, 5.86, 55.21
236.5509,location,-40.73, 5.86, 55.21
236.8846,shoot,-40.73, 5.86, 55.21
237.552,location,-40.73, 5.86, 55.21
238.5531,location,-40.73, 5.86, 55.21
239.5543,location,-40.25, 5.95, 55.58
240.5554,location,-39.83, 5.95, 56.44
241.3062,shoot,-39.83, 5.95, 56.44
241.5565,location,-39.83, 5.95, 56.44
242.5576,location,-39.83, 5.95, 56.44
242.6077,shoot,-39.83, 5.95, 56.44
243.5588,location,-39.83, 5.95, 56.44
244.5598,location,-39.83, 5.95, 56.44
245.561,location,-39.83, 5.95, 56.44
246.5621,location,-39.83, 5.95, 56.44
246.7123,shoot,-39.83, 5.95, 56.44
247.5632,location,-39.83, 5.95, 56.44
248.5644,location,-39.83, 5.95, 56.44
249.5654,location,-39.83, 5.95, 56.44
249.8992,shoot,-39.83, 5.95, 56.44
250.3,pole sphere activated,-39.83, 5.95, 56.44
250.5666,location,-39.83, 5.95, 56.44
251.5677,location,-39.83, 5.95, 56.44
252.5688,location,-39.83, 5.95, 56.44
253.5699,location,-39.83, 5.95, 56.44
254.0872,shoot,-39.83, 5.95, 56.44
254.571,location,-39.83, 5.95, 56.44
255.5722,location,-39.83, 5.95, 56.44
256.5733,location,-39.83, 5.95, 56.44
257.3241,shoot,-39.83, 5.95, 56.44
257.5744,location,-39.83, 5.95, 56.44
258.5755,location,-39.83, 5.95, 56.44
259.5766,location,-39.83, 5.95, 56.44
260.5778,location,-39.83, 5.95, 56.44
261.5789,location,-39.83, 5.95, 56.44
262.263,shoot,-39.83, 5.95, 56.44
262.58,location,-39.83, 5.95, 56.44
263.5811,location,-39.83, 5.95, 56.44
264.5822,location,-39.83, 5.95, 56.44
265.5834,location,-39.83, 5.95, 56.44
265.9504,shoot,-39.83, 5.95, 56.44
266.34,pole sphere activated,-39.83, 5.95, 56.44
266.5845,location,-39.83, 5.95, 56.44
267.5856,location,-39.83, 5.95, 56.44
268.5867,location,-40.26, 5.95, 55.89
269.5878,location,-40.85, 1.29, 59.77
270.589,location,-40.36, 1.32, 64.71
270.86,diamond,-40.19, 1.32, 66.10
271,diamond,-40.10, 1.32, 66.79
271.14,diamond,-40.01, 1.32, 67.49
271.3,diamond,-39.91, 1.32, 68.28
271.44,diamond,-39.82, 1.32, 68.98
271.5901,location,-39.74, 1.32, 69.67
271.6,diamond,-39.73, 1.32, 69.77
271.74,diamond,-39.74, 1.32, 70.47
271.88,diamond,-39.76, 1.32, 71.17
272.02,diamond,-39.79, 1.32, 71.87
272.18,diamond,-39.81, 1.32, 72.67
272.32,diamond,-39.84, 1.32, 73.37
272.46,diamond,-39.86, 1.32, 74.07
272.5912,location,-39.88, 1.32, 74.67
272.62,diamond,-39.88, 1.32, 74.87
272.78,diamond,-39.88, 1.32, 75.67
272.92,diamond,-39.88, 1.32, 76.37
273.06,diamond,-39.87, 1.32, 77.07
273.22,diamond,-39.87, 1.32, 77.87
273.36,diamond,-39.87, 1.32, 78.57
273.5,diamond,-39.86, 1.32, 79.27
273.5923,location,-39.86, 1.32, 79.67
273.64,diamond,-39.86, 1.32, 79.97
273.8,diamond,-39.86, 1.32, 80.77
273.96,diamond,-39.85, 1.32, 81.57
274.1,diamond,-39.85, 1.32, 82.27
274.24,diamond,-39.85, 1.32, 82.97
274.5934,location,-39.84, 1.32, 84.67
275.5946,location,-39.82, 1.33, 89.67
276.5957,location,-39.85, 1.33, 91.27
277.1797,jump,-39.93, 1.33, 94.17
277.5968,location,-39.60, 3.10, 95.11
278.5979,location,-39.89, 1.33, 96.34
278.7,diamond,-39.96, 1.33, 96.94
278.72,diamond,-39.97, 1.33, 97.04
278.76,diamond,-39.99, 1.33, 97.24
278.76,diamond,-39.99, 1.33, 97.24
278.78,diamond,-39.99, 1.33, 97.34
278.8,diamond,-39.98, 1.33, 97.44
278.86,diamond,-39.95, 1.33, 97.74
278.86,diamond,-39.95, 1.33, 97.74
278.92,diamond,-39.91, 1.33, 98.03
278.92,diamond,-39.91, 1.33, 98.03
278.94,diamond,-39.89, 1.33, 98.13
278.94,diamond,-39.89, 1.33, 98.13
279.3488,jump,-39.50, 1.33, 98.68
279.599,location,-39.50, 3.05, 98.68
280.6002,location,-39.50, 1.33, 98.68
281.6013,location,-39.50, 1.33, 98.68
282.6024,location,-39.50, 1.33, 98.68
283.6035,location,-39.50, 1.33, 98.68
284.6046,location,-39.50, 1.33, 98.68
285.6058,location,-39.50, 1.33, 98.68
286.6069,location,-39.50, 1.33, 98.68
287.608,location,-39.50, 1.33, 98.68
288.6091,location,-39.41, 1.33, 98.18
289.6103,location,-39.41, 1.33, 98.18
290.6113,location,-39.41, 1.33, 98.18
291.6125,location,-39.41, 1.33, 98.18
292.6136,location,-39.41, 1.33, 98.18
293.6147,location,-39.41, 1.33, 98.18
294.6158,location,-39.41, 1.33, 98.18
295.6169,location,-39.41, 1.33, 98.18
296.618,location,-39.41, 1.33, 98.18
297.6192,location,-39.41, 1.33, 98.18
298.6203,location,-39.86, 1.33, 95.72
299.6214,location,-40.08, 1.33, 93.35
300.12,diamond,-39.55, 1.33, 91.67
300.12,diamond,-39.55, 1.33, 91.67
300.34,diamond,-38.80, 1.33, 91.16
300.56,diamond,-37.71, 1.33, 91.34
300.6225,location,-37.42, 1.33, 91.39
300.68,diamond,-37.13, 1.33, 91.47
300.92,diamond,-36.14, 1.33, 92.12
301.1,diamond,-35.46, 1.33, 92.70
301.34,diamond,-34.65, 1.33, 93.59
301.56,diamond,-34.11, 1.33, 94.55
301.6236,location,-33.97, 1.33, 94.81
301.78,diamond,-33.67, 1.33, 95.55
302,diamond,-33.43, 1.33, 96.62
302.22,diamond,-33.32, 1.33, 97.72
302.52,diamond,-33.42, 1.33, 99.21
302.6248,location,-33.50, 1.33, 99.71
302.76,diamond,-33.73, 1.33, 100.37
302.94,diamond,-34.15, 1.33, 101.16
303.18,diamond,-34.84, 1.33, 102.14
303.34,diamond,-35.39, 1.33, 102.73
303.58,diamond,-36.31, 1.33, 103.49
303.6259,location,-36.48, 1.33, 103.60
303.78,diamond,-37.17, 1.33, 103.99
304.02,diamond,-38.27, 1.33, 104.47
304.2,diamond,-39.13, 1.33, 104.62
304.44,diamond,-40.32, 1.33, 104.63
304.62,diamond,-41.21, 1.33, 104.64
304.627,location,-41.21, 1.33, 104.64
304.88,diamond,-42.39, 1.33, 104.29
305.04,diamond,-43.08, 1.33, 103.91
305.26,diamond,-44.01, 1.33, 103.33
305.44,diamond,-44.73, 1.33, 102.79
305.6281,location,-45.37, 1.33, 102.16
305.68,diamond,-45.52, 1.33, 101.91
305.88,diamond,-46.02, 1.33, 101.05
306.1,diamond,-46.42, 1.33, 100.03
306.34,diamond,-46.75, 1.33, 98.88
306.58,diamond,-46.82, 1.33, 97.68
306.6292,location,-46.80, 1.33, 97.48
306.76,diamond,-46.67, 1.33, 96.79
307,diamond,-46.36, 1.33, 95.64
307.22,diamond,-45.91, 1.33, 94.64
307.44,diamond,-45.36, 1.33, 93.68
307.6304,location,-44.84, 1.33, 92.95
307.64,diamond,-44.78, 1.33, 92.87
307.88,diamond,-43.91, 1.33, 92.07
308.08,diamond,-43.06, 1.33, 91.56
308.32,diamond,-42.01, 1.33, 90.98
308.6315,location,-40.72, 1.33, 90.90
309.6326,location,-42.24, 1.33, 91.12
310.6337,location,-44.70, 1.33, 95.12
311.6349,location,-48.80, 1.33, 97.82
312.636,location,-53.76, 1.35, 97.86
313.6371,location,-57.48, 1.35, 98.42
314.6382,location,-57.91, 1.35, 98.16
315.6393,location,-58.16, 1.35, 95.11
316.1065,jump,-58.20, 1.35, 92.94
316.6404,location,-59.75, 5.46, 91.89
317.6415,location,-60.88, 5.97, 90.10
318.6427,location,-61.22, 4.85, 89.73
319.1933,jump,-61.55, 8.63, 89.51
319.6438,location,-62.76, 11.12, 87.60
320.6449,location,-64.31, 9.33, 85.47
321.18,diamond,-64.68, 9.33, 85.79
321.3958,jump,-64.86, 9.33, 85.87
321.646,location,-64.86, 11.04, 85.87
321.82,diamond,-65.19, 11.04, 85.64
322.6472,location,-65.46, 9.33, 84.29
322.7,diamond,-65.45, 9.33, 83.99
323,diamond,-65.40, 9.33, 82.50
323.0476,jump,-65.40, 9.33, 82.30
323.3,diamond,-65.44, 11.04, 81.00
323.6,diamond,-65.47, 11.04, 79.50
323.6483,location,-65.47, 11.04, 79.30
323.92,diamond,-65.48, 10.66, 77.90
324.22,diamond,-65.48, 9.33, 76.40
324.3991,jump,-65.45, 9.33, 75.60
324.56,diamond,-65.42, 10.88, 74.70
324.6494,location,-65.41, 11.04, 74.30
324.98,diamond,-65.34, 11.04, 72.60
325.6505,location,-65.59, 9.33, 70.52
326.6516,location,-64.48, 9.33, 73.90
327.6527,location,-64.63, 9.33, 78.74
328.6539,location,-65.54, 9.33, 83.52
329.655,location,-67.39, 9.33, 87.00
330.6561,location,-67.39, 9.33, 87.00
331.6572,location,-67.63, 9.33, 87.32
332.6584,location,-65.05, 9.52, 89.37
333.6595,location,-72.22, 9.52, 89.90
333.7763,jump,-71.76, 9.52, 90.22
334.6606,location,-75.55, 12.43, 91.91
334.96,diamond,-76.67, 10.70, 92.89
335.6617,location,-76.86, 9.96, 93.12
335.94,diamond,-76.50, 9.85, 94.37
336.28,diamond,-76.09, 10.03, 96.01
336.58,diamond,-76.15, 9.98, 97.51
336.6628,location,-76.19, 9.98, 97.91
336.94,diamond,-76.31, 9.99, 99.30
337.28,diamond,-76.45, 9.91, 101.00
337.66,diamond,-77.48, 9.97, 102.57
337.6639,location,-77.48, 9.97, 102.57
338.665,location,-77.79, 9.99, 102.82
339.6662,location,-76.85, 9.97, 102.06
340.6673,location,-75.32, 10.10, 97.52
341.6684,location,-76.99, 9.98, 92.92
341.68,diamond,-77.05, 9.98, 92.85
342.6696,location,-77.97, 10.00, 92.25
342.8864,jump,-77.74, 9.91, 91.59
343.6707,location,-76.35, 13.01, 88.37
344.28,diamond,-76.29, 9.33, 87.24
344.44,diamond,-76.29, 9.33, 86.44
344.5383,jump,-76.31, 9.33, 86.05
344.58,diamond,-76.43, 9.90, 85.77
344.62,diamond,-76.56, 10.25, 85.62
344.6718,location,-76.75, 10.58, 85.55
344.72,diamond,-77.05, 11.03, 85.55
344.74,diamond,-77.14, 11.04, 85.58
345.36,diamond,-78.50, 10.81, 85.90
345.6729,location,-78.50, 9.35, 85.90
346,diamond,-78.11, 9.33, 85.82
346.0066,jump,-78.11, 9.33, 85.82
346.52,diamond,-75.54, 11.04, 85.55
346.54,diamond,-75.44, 11.04, 85.56
346.674,location,-74.85, 11.04, 85.64
346.8,diamond,-74.15, 10.88, 85.72
346.88,diamond,-73.76, 10.66, 85.77
346.9,diamond,-73.66, 10.59, 85.78
346.98,diamond,-73.26, 10.25, 85.83
347.6751,location,-72.76, 9.33, 85.89
348.26,diamond,-73.75, 9.33, 85.03
348.6762,location,-74.66, 9.33, 85.02
348.7,diamond,-74.85, 9.33, 85.10
349.6774,location,-74.90, 9.33, 85.78
350.6785,location,-72.61, 9.33, 86.74
351.179,jump,-72.31, 9.33, 87.00
351.6796,location,-72.47, 11.38, 88.25
352.6807,location,-72.40, 6.31, 89.95
353.2313,jump,-69.78, 1.35, 90.59
353.6818,location,-67.50, 4.32, 90.35
354.683,location,-66.61, 1.35, 90.23
354.8665,jump,-65.71, 1.35, 90.19
355.6841,location,-64.00, 4.38, 90.05
356.6852,location,-64.00, 1.35, 90.05
356.8354,jump,-64.00, 1.35, 90.07
357.6863,location,-61.90, 6.81, 90.24
358.1368,jump,-61.64, 8.35, 90.39
358.6874,location,-59.15, 11.60, 91.67
359.18,diamond,-58.22, 10.52, 92.24
359.3,diamond,-58.03, 10.02, 92.20
359.6885,location,-56.95, 10.10, 91.96
360.6897,location,-57.77, 10.10, 92.52
361.06,diamond,-59.06, 10.08, 93.88
361.44,diamond,-59.34, 10.25, 95.75
361.6908,location,-59.37, 10.16, 96.95
361.72,diamond,-59.37, 10.15, 97.15
362.06,diamond,-59.14, 10.07, 98.83
362.44,diamond,-58.65, 9.97, 100.66
362.692,location,-58.16, 9.97, 101.76
362.78,diamond,-57.91, 10.00, 102.19
363.6931,location,-59.48, 8.57, 103.49
364.6942,location,-63.46, 1.35, 101.75
365.6953,location,-67.64, 1.35, 104.42
366.04,lock unlockedredKey,-68.93, 1.35, 105.66
366.6964,location,-69.69, 1.35, 107.12
367.6975,location,-69.69, 1.35, 107.12
368.6986,location,-72.35, 1.35, 109.26
368.76,diamond,-72.66, 1.35, 109.50
369.56,diamond,-76.22, 1.35, 110.49
369.6497,jump,-76.57, 1.35, 110.30
369.6997,location,-76.73, 1.74, 110.42
369.96,diamond,-77.32, 3.73, 111.10
370.42,diamond,-76.68, 4.49, 113.15
370.7009,location,-76.40, 3.40, 114.50
371.24,diamond,-77.21, 1.35, 116.53
371.702,location,-77.35, 1.35, 117.68
372.7031,location,-78.45, 1.35, 114.52
372.76,diamond,-78.20, 1.35, 114.37
373.7042,location,-77.73, 1.35, 114.51
373.8711,jump,-77.73, 1.35, 114.51
374.02,diamond,-77.55, 2.74, 115.29
374.7053,location,-76.84, 4.37, 117.04
375.7065,location,-76.66, 1.35, 115.06
375.8065,jump,-76.56, 1.35, 115.03
376.7076,location,-76.00, 4.25, 114.17
377.7087,location,-75.21, 1.35, 110.54
378.7098,location,-71.50, 1.35, 111.16
379.0435,jump,-70.42, 1.35, 112.46
379.12,diamond,-70.13, 1.81, 112.74
379.14,diamond,-70.06, 1.81, 112.80
379.24,diamond,-69.70, 1.81, 113.15
379.24,diamond,-69.70, 1.81, 113.15
379.48,diamond,-69.03, 1.86, 114.13
379.48,diamond,-69.03, 1.86, 114.13
379.7109,location,-68.82, 1.87, 115.21
379.78,diamond,-68.81, 1.81, 115.61
379.8,diamond,-68.82, 1.78, 115.71
380.7121,location,-66.97, 1.35, 118.51
380.88,diamond,-66.08, 1.35, 118.57
381.7132,location,-62.51, 1.35, 118.65
381.74,diamond,-62.31, 1.35, 118.66
382.7143,location,-60.53, 1.35, 115.06
382.76,diamond,-60.66, 1.35, 114.79
383.54,diamond,-60.93, 1.35, 111.15
383.7154,location,-61.25, 1.35, 110.43
384.46,diamond,-64.64, 1.35, 109.65
384.7165,location,-65.46, 1.35, 110.30
385.7177,location,-64.90, 1.35, 110.90
386.7188,location,-68.61, 1.35, 108.93
387.4362,jump,-69.73, 1.35, 108.82
387.7198,location,-69.90, 3.72, 109.71
388.721,location,-69.46, 5.89, 112.94
389.7221,location,-69.34, 5.98, 113.44
389.7722,jump,-69.14, 5.95, 113.48
390.68,diamond,-65.29, 8.70, 113.93
390.7232,location,-65.10, 8.54, 113.97
390.88,diamond,-64.91, 7.62, 114.02
391,diamond,-65.11, 6.69, 113.81
391.1,diamond,-65.36, 5.75, 113.38
391.7244,location,-65.71, 5.35, 113.81
392.2082,jump,-66.21, 5.35, 113.76
392.7255,location,-67.68, 8.45, 114.62
393.7266,location,-69.90, 6.05, 114.46
394.7278,location,-69.87, 5.96, 117.05
395.7288,location,-70.02, 6.02, 118.34
395.8623,jump,-70.42, 5.76, 118.31
396.26,diamond,-72.40, 8.46, 118.51
396.28,diamond,-72.49, 8.52, 118.53
396.7299,location,-73.62, 8.59, 118.27
396.88,diamond,-73.14, 7.90, 117.64
397.2,diamond,-73.06, 6.50, 117.35
397.731,location,-74.01, 6.50, 118.99
398.1649,jump,-73.98, 6.50, 119.19
398.44,diamond,-73.58, 8.66, 120.52
398.44,diamond,-73.58, 8.66, 120.52
398.48,diamond,-73.48, 8.87, 120.70
398.52,diamond,-73.38, 9.06, 120.87
398.7322,location,-73.20, 9.64, 121.34
399.7333,location,-73.80, 8.18, 121.85
400.3007,jump,-73.71, 8.18, 122.18
400.56,diamond,-73.32, 10.27, 122.77
400.58,diamond,-73.29, 10.39, 122.87
400.7,diamond,-73.29, 10.95, 122.87
400.7345,location,-73.29, 11.02, 122.87
401.7356,location,-73.71, 10.64, 123.91
401.92,diamond,-72.71, 10.61, 123.97
401.92,diamond,-72.71, 10.61, 123.97
402,diamond,-72.31, 10.60, 123.99
402.34,diamond,-70.61, 10.56, 124.02
402.34,diamond,-70.61, 10.56, 124.02
402.42,diamond,-70.21, 10.55, 124.02
402.7367,location,-68.71, 10.68, 123.98
402.7534,jump,-68.61, 10.68, 123.97
402.8,diamond,-68.31, 11.25, 123.96
402.8,diamond,-68.31, 11.25, 123.96
402.86,diamond,-68.01, 11.77, 123.95
403.3,diamond,-65.81, 13.90, 123.93
403.7,diamond,-64.72, 13.31, 124.02
403.7378,location,-64.72, 13.22, 124.02
403.86,diamond,-64.72, 12.41, 124.02
403.98,diamond,-64.72, 11.47, 124.02
404.7389,location,-65.91, 10.64, 123.93
404.8,diamond,-66.31, 10.65, 123.87
405.3562,jump,-67.79, 10.65, 123.68
405.54,diamond,-68.58, 12.34, 123.53
405.74,location,-69.57, 13.43, 123.45
406,diamond,-70.86, 13.96, 123.62
406.32,diamond,-72.23, 13.22, 123.91
406.7411,location,-73.16, 10.59, 123.64
407.7423,location,-73.16, 10.59, 123.64
408.7434,location,-71.08, 10.59, 123.91
409.6111,jump,-69.16, 10.53, 124.53
409.7445,location,-69.15, 11.77, 125.22
410.62,green key,-69.79, 12.81, 129.51
410.7456,location,-69.79, 12.44, 130.11
411.7467,location,-71.96, 7.15, 129.68
412.08,diamond,-71.96, 3.74, 129.68
412.7479,location,-71.96, 1.35, 129.68
413.04,diamond,-70.66, 1.35, 129.68
413.2985,jump,-69.47, 1.35, 129.82
413.46,diamond,-68.58, 2.90, 129.94
413.749,location,-67.30, 4.36, 129.49
414.46,diamond,-66.13, 2.69, 126.31
414.7501,location,-65.64, 1.35, 125.23
415.5177,jump,-64.64, 1.35, 127.45
415.54,diamond,-64.69, 1.74, 127.64
415.7512,location,-65.10, 3.31, 128.55
416.68,diamond,-66.30, 2.69, 129.78
416.7523,location,-66.48, 2.20, 129.57
417.7534,location,-68.00, 1.35, 128.85
418.571,jump,-71.82, 1.35, 129.46
418.72,diamond,-72.62, 2.74, 129.49
418.7546,location,-72.72, 2.89, 129.49
419.7557,location,-72.79, 2.58, 129.06
419.78,diamond,-72.97, 2.25, 128.97
420.4565,jump,-73.67, 1.35, 127.59
420.48,diamond,-73.65, 1.74, 127.39
420.7568,location,-73.49, 3.67, 126.10
421.758,location,-74.21, 1.66, 126.47
422.759,location,-73.02, 1.35, 130.28
423.7602,location,-68.10, 1.35, 129.25
424.7613,location,-65.65, 1.35, 125.40
425.7624,location,-67.36, 1.35, 121.00
426.7635,location,-68.86, 1.35, 118.16
427.7646,location,-68.68, 1.35, 114.02
428.7657,location,-71.35, 1.35, 110.74
429.7669,location,-70.05, 1.35, 106.19
430.768,location,-67.23, 1.35, 103.60
431.7691,location,-63.98, 1.35, 100.17
432.7702,location,-61.77, 1.35, 96.08
433.4877,jump,-61.28, 1.35, 93.83
433.7714,location,-61.03, 3.52, 92.45
434.7725,location,-61.48, 4.01, 90.44
435.7736,location,-62.12, 7.37, 88.36
436.7747,location,-62.58, 3.45, 88.71
437.7758,location,-61.56, 7.79, 89.35
437.8092,jump,-61.69, 7.51, 89.20
438.777,location,-64.15, 10.07, 85.16
439.7781,location,-64.36, 9.33, 80.17
440.7792,location,-64.28, 9.33, 75.17
441.7804,location,-64.68, 9.33, 70.09
441.82,lock unlockedgreenKey,-64.70, 9.33, 69.89
442.7814,location,-64.89, 9.33, 68.60
443.7826,location,-64.25, 9.33, 67.52
444.06,diamond,-63.27, 9.33, 66.56
444.08,diamond,-63.18, 9.33, 66.53
444.2331,jump,-62.49, 9.33, 66.41
444.26,diamond,-62.29, 9.71, 66.38
444.32,diamond,-61.99, 10.24, 66.33
444.48,diamond,-61.21, 11.04, 66.20
444.7836,location,-60.39, 11.04, 65.18
445.18,diamond,-61.06, 10.37, 64.33
445.34,diamond,-61.28, 9.47, 64.61
445.36,diamond,-61.31, 9.33, 64.71
445.7848,location,-62.21, 9.33, 65.24
446.7859,location,-62.11, 9.33, 66.06
446.82,diamond,-61.97, 9.33, 66.21
447.787,location,-62.30, 9.33, 64.36
448.52,diamond,-64.93, 9.33, 62.69
448.7881,location,-65.96, 9.33, 61.96
448.8215,jump,-66.15, 9.33, 61.92
448.88,diamond,-66.45, 9.88, 61.86
449.46,diamond,-69.32, 11.04, 61.56
449.7892,location,-70.91, 10.31, 61.78
449.9,diamond,-71.50, 9.65, 61.84
450.0061,jump,-72.00, 9.34, 61.84
450.3,diamond,-73.50, 11.04, 61.71
450.7904,location,-75.88, 10.92, 61.46
450.86,diamond,-76.28, 10.73, 61.42
451.34,diamond,-78.68, 9.34, 61.31
451.5412,jump,-79.68, 9.34, 61.27
451.68,diamond,-80.38, 10.55, 61.26
451.7915,location,-80.88, 11.04, 61.25
452.36,yellow key,-83.78, 10.82, 61.14
452.7926,location,-84.77, 9.34, 62.05
453.7937,location,-83.10, 9.34, 62.40
454.7949,location,-81.55, 9.34, 60.20
455.796,location,-76.64, 9.34, 60.99
456.7971,location,-71.68, 9.34, 61.55
457.7982,location,-66.85, 9.33, 61.90
458.7993,location,-65.97, 9.33, 66.58
459.8004,location,-65.42, 9.33, 71.20
460.8015,location,-65.67, 9.33, 75.90
461.8027,location,-65.48, 9.33, 80.90
462.8038,location,-65.50, 9.33, 85.89
463.8049,location,-71.75, 9.52, 90.85
464.8061,location,-72.49, 2.12, 94.31
465.8072,location,-70.18, 1.35, 92.65
466.44,lock unlockedyellowKey,-69.24, 1.35, 89.90
466.8083,location,-69.23, 1.35, 88.31
467.8094,location,-69.23, 1.35, 88.31
468.64,diamond,-69.13, 1.33, 84.75
468.8105,location,-69.00, 1.33, 83.96
469.0442,jump,-68.81, 1.33, 82.77
469.1,diamond,-68.76, 1.89, 82.48
469.8116,location,-68.54, 4.44, 79.02
470.24,diamond,-68.91, 2.28, 76.85
470.6626,jump,-68.78, 1.33, 74.75
470.72,diamond,-68.77, 1.88, 74.45
470.8127,location,-68.77, 2.54, 74.05
471.56,diamond,-68.71, 4.03, 70.35
471.8139,location,-68.66, 3.52, 69.83
472.52,diamond,-69.81, 3.60, 69.32
472.815,location,-71.21, 3.54, 69.19
472.94,diamond,-71.91, 3.51, 69.13
473.48,diamond,-74.60, 3.52, 69.06
473.8161,location,-76.20, 3.14, 69.07
474,diamond,-77.20, 2.68, 69.07
474.38,diamond,-79.10, 1.33, 69.08
474.8172,location,-80.78, 1.33, 69.19
475.8184,location,-80.96, 1.33, 71.16
476.8195,location,-82.50, 1.33, 75.57
477.8206,location,-82.61, 1.33, 76.67
478.8217,location,-82.61, 1.33, 76.67
479.0553,shoot,-82.61, 1.33, 76.67
479.26,pole sphere activated,-82.61, 1.33, 76.67
479.8229,location,-84.13, 1.33, 78.07
480.824,location,-85.33, 1.33, 82.71
481.52,diamond,-85.05, 1.33, 85.99
481.825,location,-83.98, 1.33, 86.21
482.26,diamond,-82.40, 1.33, 86.45
482.82,diamond,-79.63, 1.33, 86.83
482.8262,location,-79.63, 1.33, 86.83
482.9764,jump,-78.93, 1.33, 86.83
483.8273,location,-74.68, 4.36, 86.61
484,diamond,-73.87, 3.59, 86.22
484.6,diamond,-75.14, 1.33, 86.36
484.8284,location,-76.22, 1.33, 86.14
485.8296,location,-72.81, 1.33, 84.43
486.7472,jump,-69.91, 1.33, 80.87
486.8307,location,-69.67, 2.07, 80.55
486.98,diamond,-69.27, 3.26, 79.86
487.8318,location,-69.10, 3.21, 78.98
488.8329,location,-72.94, 1.33, 80.20
489.834,location,-73.89, 1.33, 78.66
490.2679,jump,-74.95, 1.33, 78.15
490.76,diamond,-75.95, 4.43, 77.90
490.76,diamond,-75.95, 4.43, 77.90
490.78,diamond,-76.05, 4.47, 77.87
490.82,diamond,-76.24, 4.54, 77.82
490.8351,location,-76.24, 4.54, 77.82
490.9,diamond,-76.63, 4.61, 77.71
490.9,diamond,-76.63, 4.61, 77.71
490.92,diamond,-76.72, 4.61, 77.68
490.92,diamond,-76.72, 4.61, 77.68
490.94,diamond,-76.72, 4.60, 77.68
491.12,diamond,-76.72, 4.30, 77.68
491.18,diamond,-76.72, 4.09, 77.68
491.32,diamond,-76.72, 3.38, 77.68
491.4,diamond,-76.72, 2.85, 77.68
491.42,diamond,-76.72, 2.70, 77.68
491.46,diamond,-76.91, 2.39, 77.61
491.48,diamond,-77.00, 2.22, 77.58
491.48,diamond,-77.00, 2.22, 77.58
491.5,diamond,-77.10, 2.05, 77.54
491.5,diamond,-77.10, 2.05, 77.54
491.52,diamond,-77.19, 2.05, 77.50
491.52,diamond,-77.19, 2.05, 77.50
491.8363,location,-77.28, 2.05, 77.47
492.17,jump,-77.86, 2.05, 77.29
492.2,diamond,-77.86, 2.44, 77.29
492.28,diamond,-77.86, 3.13, 77.29
492.3,diamond,-77.86, 3.29, 77.29
492.4,diamond,-77.86, 4.00, 77.29
492.52,diamond,-77.86, 4.65, 77.29
492.56,diamond,-77.86, 4.81, 77.29
492.6,diamond,-77.86, 4.96, 77.29
492.8374,location,-77.86, 5.32, 77.29
493.8385,jump,-77.20, 2.05, 75.61
493.8385,location,-77.20, 2.05, 75.61
494.8396,location,-75.75, 4.55, 70.82
495.8408,location,-73.67, 3.23, 70.26
496.7751,jump,-71.78, 3.55, 69.26
496.8419,location,-71.78, 4.30, 69.26
497.843,location,-71.60, 5.54, 65.94
498.8441,location,-71.60, 5.33, 65.94
499.0443,shoot,-71.64, 5.33, 65.85
499.8452,location,-74.49, 5.33, 66.70
500.8463,location,-75.59, 5.33, 64.05
501.8474,jump,-80.50, 5.33, 64.72
501.8474,location,-80.50, 5.33, 64.72
502.8486,location,-83.15, 7.67, 65.33
503.02,hold button enter,-83.63, 6.50, 65.68
503.8497,location,-83.63, 5.33, 65.68
504.8508,location,-83.63, 5.33, 65.68
505.8519,location,-83.63, 5.33, 65.68
506.8531,location,-83.63, 5.33, 65.68
507.8542,location,-83.63, 5.33, 65.68
508.6718,shoot,-83.63, 5.33, 65.68
508.8553,location,-83.63, 5.33, 65.68
509.34,pole sphere activated,-83.63, 5.33, 65.68
509.8564,location,-83.63, 5.33, 65.68
510.38,hold button leave,-81.63, 5.33, 66.48
510.8575,location,-79.79, 5.33, 67.33
511.8586,location,-75.45, 2.41, 68.00
512.4093,jump,-76.18, 2.41, 68.07
512.8597,location,-76.73, 5.30, 70.20
513.8608,location,-76.80, 2.02, 75.28
514.862,location,-77.51, 2.05, 77.36
515.8631,location,-77.51, 2.05, 77.36
516.8643,location,-77.30, 2.05, 76.91
517.8654,location,-77.30, 2.05, 76.91
518.8665,location,-77.30, 2.05, 76.91
519.8676,location,-77.30, 2.05, 76.91
520.6017,shoot,-77.30, 2.05, 76.91
520.8687,location,-77.30, 2.05, 76.91
521.8698,location,-77.30, 2.05, 76.91
522.871,location,-77.30, 2.05, 76.91
523.8721,location,-77.30, 2.05, 76.91
524.8732,location,-77.30, 2.05, 76.91
525.3237,shoot,-77.30, 2.05, 76.91
525.8743,location,-77.30, 2.05, 76.91
526.8754,location,-77.30, 2.05, 76.91
527.8766,location,-77.30, 2.05, 76.91
528.4939,shoot,-77.30, 2.05, 76.91
528.8777,location,-77.30, 2.05, 76.91
529.8788,location,-77.30, 2.05, 76.91
530.8799,location,-77.30, 2.05, 76.91
531.881,location,-77.30, 2.05, 76.91
532.1981,shoot,-77.30, 2.05, 76.91
532.8821,location,-77.30, 2.05, 76.91
533.8832,location,-78.53, 2.05, 76.50
534.8844,location,-78.53, 2.05, 76.50
535.6686,shoot,-78.53, 2.05, 76.50
535.8855,location,-78.53, 2.05, 76.50
536.8866,location,-78.53, 2.05, 76.50
537.8878,location,-78.53, 2.05, 76.50
538.6553,shoot,-78.53, 2.05, 76.50
538.8889,location,-78.53, 2.05, 76.50
539.16,pole sphere activated,-78.53, 2.05, 76.50
539.89,location,-78.53, 2.05, 76.50
540.8911,location,-78.53, 2.05, 76.50
541.8922,location,-78.53, 2.05, 76.50
542.8933,location,-78.53, 2.05, 76.50
543.8945,location,-78.53, 2.05, 76.50
544.8956,location,-78.53, 2.05, 76.50
545.4128,shoot,-78.53, 2.05, 76.50
545.8967,location,-78.53, 2.05, 76.50
546.8978,location,-78.53, 2.05, 76.50
547.8989,location,-78.53, 2.05, 76.50
548.9001,location,-78.53, 2.05, 76.50
549.6843,shoot,-78.53, 2.05, 76.50
549.9011,location,-78.53, 2.05, 76.50
550.9023,location,-78.53, 2.05, 76.50
551.9034,location,-78.53, 2.05, 76.50
552.9045,location,-78.53, 2.05, 76.50
553.4718,shoot,-78.53, 2.05, 76.50
553.9057,location,-78.53, 2.05, 76.50
554.9067,location,-78.53, 2.05, 76.50
555.9079,location,-78.53, 2.05, 76.50
556.3918,shoot,-78.53, 2.05, 76.50
556.909,location,-78.53, 2.05, 76.50
557.9101,location,-78.53, 2.05, 76.50
558.9112,location,-78.53, 2.05, 76.50
559.295,shoot,-78.53, 2.05, 76.50
559.9124,location,-78.53, 2.05, 76.50
560.9135,location,-78.53, 2.05, 76.50
561.9147,location,-78.53, 2.05, 76.50
562.7656,shoot,-78.53, 2.05, 76.50
562.9157,location,-78.53, 2.05, 76.50
563.22,pole sphere activated,-78.53, 2.05, 76.50
563.78,diamond,-78.53, 6.37, 76.50
563.8,diamond,-78.53, 6.53, 76.50
563.82,diamond,-78.53, 6.69, 76.50
563.9168,location,-78.53, 7.33, 76.50
564,diamond,-78.53, 8.13, 76.50
564.02,diamond,-78.53, 8.29, 76.50
564.26,blue key,-78.53, 10.05, 76.50
564.918,location,-77.97, 4.93, 77.07
565.74,diamond,-77.47, 5.73, 77.55
565.74,diamond,-77.47, 5.73, 77.55
565.84,diamond,-77.47, 6.53, 77.55
565.86,diamond,-77.47, 6.69, 77.55
565.86,diamond,-77.47, 6.69, 77.55
565.9191,location,-77.47, 7.01, 77.55
565.96,diamond,-77.47, 7.49, 77.55
565.96,diamond,-77.47, 7.49, 77.55
566.9202,location,-77.47, 5.09, 77.55
567.9213,location,-77.47, 6.85, 77.55
568.9224,location,-77.47, 5.41, 77.55
569.9236,location,-76.97, 6.53, 77.89
569.9903,jump,-76.73, 7.01, 78.06
570.9246,location,-73.64, 9.85, 78.95
571.9258,location,-73.64, 1.33, 78.95
572.9269,location,-73.64, 1.33, 78.95
573.928,location,-71.33, 1.33, 82.73
574.9291,location,-69.88, 1.33, 87.45
575.9303,location,-71.61, 1.35, 91.82
576.9314,location,-74.92, 1.35, 95.54
577.58,lock unlockedblueKey,-77.23, 1.35, 97.55
577.9325,location,-78.85, 1.35, 97.66
578.9336,location,-78.85, 1.35, 97.66
579.9348,location,-81.75, 1.40, 97.87
580.9359,location,-86.73, 1.41, 97.52
581.937,location,-91.72, 1.35, 97.61
582.08,game end,-92.52, 1.22, 97.67
714.1514,ankieta PO_fajna_średni_wystarczająca ilość_wysoki_wysoki_tak_tak,-92.52, 1.22, 97.67
714.1514,Popraw trochę strzelanie z pistoletu + hitboxy na 3 kulce w pomieszczeniu z różowym kluczem mogły by być ciut lepsze,-92.52, 1.22, 97.67
