czas,bzdura,x,y,z
24.09254,ankieta PRZED_low_minimal amount,0.00, 2.95, 0.00
25.43365,False,0.00, 2.95, 0.00
25.43365,location,0.00, 2.95, 0.00
26.43688,location,-0.02, 2.17, 0.30
26.51331,jump,-0.02, 2.17, 0.30
27.43748,location,-0.02, 5.02, 0.30
27.84702,jump,-0.02, 2.17, 0.30
28.44362,location,0.10, 5.41, 2.40
29.16,diamond,0.11, 2.18, 4.00
29.44952,location,0.12, 2.17, 5.40
29.74,diamond,0.12, 2.17, 6.90
29.77557,jump,0.12, 2.17, 7.00
30.45542,location,0.30, 5.52, 10.39
31,diamond,0.27, 3.08, 10.09
31.46131,location,-0.07, 2.17, 12.36
31.7,diamond,-0.02, 2.17, 13.56
32.38,diamond,-0.04, 1.78, 16.96
32.46136,location,-0.03, 1.70, 17.36
32.53085,jump,-0.03, 1.64, 17.66
32.82,diamond,0.01, 3.95, 19.16
33.26,diamond,0.24, 4.90, 21.35
33.46196,location,0.39, 4.38, 22.34
34.18,diamond,0.38, -1.68, 24.33
34.46257,location,1.21, -2.68, 23.77
35.46317,location,4.43, -2.68, 22.02
36.46378,location,3.49, -2.68, 20.76
37.46439,location,4.13, -2.68, 21.62
38.22,diamond,4.60, -2.68, 23.24
38.46498,location,5.68, -2.68, 23.61
38.64,diamond,6.56, -2.68, 23.77
39.3,diamond,7.88, -2.68, 21.24
39.4656,location,7.93, -2.68, 20.44
40.06,diamond,7.71, -2.68, 17.45
40.4662,location,6.24, -2.68, 16.27
41.4668,location,3.73, -2.69, 16.15
42.46741,location,3.78, -2.68, 15.30
43.46802,location,5.72, -2.68, 14.77
43.94,diamond,6.86, -2.68, 13.03
44.46862,location,7.64, -2.68, 13.89
45.46865,location,7.64, -2.68, 13.89
46.47555,location,7.64, -2.68, 13.89
47.48246,location,7.64, -2.68, 13.89
48.48936,location,7.64, -2.68, 13.89
49.49626,location,7.64, -2.68, 13.89
50.50318,location,7.64, -2.68, 13.89
51.50361,location,5.99, -2.68, 16.41
52.50421,location,3.67, -2.68, 19.40
53.50481,location,2.11, -2.68, 21.29
54.50541,location,-2.10, -2.68, 21.98
55.50603,location,-4.02, -2.68, 19.02
56.50663,location,-5.24, -2.68, 16.57
57.50724,location,-1.37, -2.68, 16.10
57.52,diamond,-1.27, -2.68, 16.14
57.54,diamond,-1.18, -2.68, 16.17
57.6,diamond,-0.95, -2.68, 16.33
57.82,diamond,-0.24, -2.68, 17.14
57.82,diamond,-0.24, -2.68, 17.14
58.16,diamond,0.47, -2.68, 15.99
58.16,diamond,0.47, -2.68, 15.99
58.22,diamond,0.30, -2.68, 15.74
58.24,diamond,0.25, -2.68, 15.66
58.32,diamond,0.01, -2.68, 15.33
58.50784,location,-0.55, -2.68, 14.66
58.7,diamond,-0.85, -2.68, 14.01
58.7,diamond,-0.85, -2.68, 14.01
58.88,diamond,-0.06, -2.68, 13.58
58.88,diamond,-0.06, -2.68, 13.58
58.94,diamond,0.21, -2.68, 13.43
59.22,diamond,0.68, -2.68, 12.36
59.24,diamond,0.64, -2.68, 12.27
59.34,diamond,0.40, -2.68, 11.83
59.34,diamond,0.40, -2.68, 11.83
59.4,diamond,0.25, -2.68, 11.57
59.50845,location,0.24, -2.68, 11.11
60.50905,location,1.76, -2.68, 12.09
61.50967,location,-1.27, -2.68, 15.14
62.51026,location,-4.88, -2.68, 16.43
63.4,diamond,-6.86, -2.68, 13.02
63.51088,location,-7.34, -2.68, 13.15
64.02,diamond,-7.93, -2.68, 15.40
64.51148,location,-7.47, -2.68, 17.75
64.78,diamond,-7.56, -2.68, 19.15
65.51208,location,-7.92, -2.68, 22.73
65.54,diamond,-7.94, -2.68, 22.93
66.48,diamond,-4.81, -2.68, 24.61
66.5127,location,-4.81, -2.68, 24.51
67.5133,location,-3.41, -2.68, 21.69
67.68701,jump,-3.78, -2.68, 21.01
68.5139,location,-2.97, 0.39, 18.59
68.97945,jump,-2.92, -0.31, 16.99
69.5145,location,-1.68, 2.95, 14.97
70.51476,location,-1.40, 2.24, 14.01
71.51517,location,-2.17, 1.81, 15.76
72.51578,location,-1.07, 2.19, 17.15
73.00913,jump,-0.96, 1.20, 19.65
73.51639,location,-0.86, 4.29, 22.14
73.84,diamond,-0.75, 4.25, 23.84
74.3,diamond,0.01, 1.44, 25.84
74.51699,location,0.03, 1.32, 26.74
75.12,diamond,-0.09, 1.32, 28.33
75.51759,location,0.18, 1.32, 30.05
75.78,diamond,0.24, 1.32, 31.34
76.5182,location,-1.06, 1.32, 34.17
77.22,diamond,-2.80, 1.32, 33.86
77.34,diamond,-3.11, 1.32, 33.38
77.36,diamond,-3.16, 1.32, 33.29
77.48,diamond,-3.40, 1.32, 32.75
77.5,diamond,-3.43, 1.32, 32.65
77.51881,location,-3.43, 1.32, 32.65
78.51942,location,-3.03, 1.32, 34.86
79.43999,diamond,-0.95, 1.32, 38.83
79.52002,location,-0.86, 1.32, 39.22
80,diamond,-0.31, 1.32, 41.56
80.52062,location,-1.99, 1.32, 41.70
80.8889,jump,-3.58, 1.32, 40.88
81.52123,location,-6.43, 4.60, 40.45
81.66,diamond,-7.13, 4.50, 40.48
81.72,diamond,-7.43, 4.37, 40.49
81.9,diamond,-7.73, 3.65, 40.51
82.08,normal button enter,-7.73, 2.44, 40.51
82.52184,location,-7.73, 1.32, 40.51
83.52244,location,-9.13, 1.32, 39.24
84.52305,location,-6.72, 1.55, 38.07
85.52365,location,-2.15, 1.32, 36.21
85.75999,diamond,-0.99, 1.32, 35.92
86.52426,location,-1.98, 1.32, 37.60
86.57985,jump,-2.17, 1.32, 37.56
87.52486,location,-5.40, 4.10, 34.50
87.76112,jump,-5.85, 3.74, 33.39
87.9,diamond,-6.11, 4.97, 32.74
87.96,diamond,-6.22, 5.41, 32.46
88.06,diamond,-6.47, 6.01, 32.02
88.08,diamond,-6.52, 6.12, 31.94
88.24,diamond,-7.15, 6.73, 32.03
88.3,diamond,-7.28, 6.86, 32.18
88.52547,location,-7.28, 6.87, 32.18
88.74,diamond,-7.37, 6.16, 31.89
88.74,diamond,-7.37, 6.16, 31.89
88.86,diamond,-7.44, 5.47, 31.60
88.88,diamond,-7.44, 5.33, 31.60
88.9,diamond,-7.44, 5.19, 31.60
88.92,diamond,-7.44, 5.04, 31.60
89.16,diamond,-7.56, 4.40, 30.96
89.16,diamond,-7.56, 4.40, 30.96
89.18,diamond,-7.61, 4.43, 30.87
89.24,diamond,-7.74, 4.51, 30.60
89.52608,location,-8.27, 4.80, 30.20
89.97775,jump,-6.72, 4.04, 29.32
90.52669,location,-5.30, 6.99, 27.78
91.52729,location,-2.01, 1.43, 28.49
92.52789,location,-1.67, 1.32, 27.32
93.5285,location,-2.72, 1.32, 27.83
94.53544,location,-2.72, 1.32, 27.83
95.54234,location,-2.72, 1.32, 27.83
96.54924,location,-2.72, 1.32, 27.83
97.55614,location,-2.72, 1.32, 27.83
98.56304,location,-2.72, 1.32, 27.83
99.56351,location,0.50, 1.32, 29.21
100.5641,location,2.36, 1.30, 33.00
101.5647,location,4.23, 1.30, 37.14
102.5648,location,4.19, 1.30, 37.74
103.5717,location,4.19, 1.30, 37.74
104.5786,location,4.19, 1.30, 37.74
105.5855,location,4.19, 1.30, 37.74
106.5924,location,4.19, 1.30, 37.74
107.5993,location,4.19, 1.30, 37.74
108.5994,location,4.19, 1.30, 37.74
109.5999,location,4.73, 1.30, 32.95
109.7389,jump,5.40, 1.30, 32.81
110.56,diamond,7.04, 4.48, 32.26
110.6006,location,7.22, 4.37, 32.34
110.62,diamond,7.31, 4.30, 32.38
110.76,diamond,7.91, 3.68, 32.09
110.94,normal button enter,8.05, 2.44, 31.63
111.6012,location,7.44, 1.32, 30.96
112.6018,location,6.13, 1.32, 31.57
113.6024,location,6.25, 1.32, 35.75
113.6997,jump,6.08, 1.32, 36.11
114.603,location,2.82, 4.26, 37.38
115.2492,jump,0.65, 1.32, 39.73
115.6036,location,0.54, 3.92, 41.14
116.6042,location,1.19, 1.32, 42.04
117.6048,location,0.92, 1.32, 46.79
118.6054,location,0.55, 1.32, 50.61
118.74,diamond,0.69, 1.32, 51.30
119.42,diamond,-0.56, 1.32, 54.36
119.606,location,0.17, 1.32, 54.66
119.8979,jump,1.23, 1.32, 53.76
120.6066,location,4.46, 4.68, 54.29
121.2876,jump,7.70, 1.32, 55.19
121.6072,location,9.15, 3.72, 54.53
122.6078,location,13.04, 1.33, 52.36
123.6084,location,15.79, 1.32, 48.19
124.16,red key,15.73, 1.32, 45.47
124.609,location,15.73, 1.32, 44.80
125.6096,location,14.80, 1.32, 46.95
126.6102,location,11.81, 1.32, 46.86
127.6109,location,12.86, 1.32, 47.51
128.6113,location,13.99, 1.32, 46.88
129.6182,location,13.99, 1.32, 46.88
130.6185,location,11.83, 1.32, 46.88
131.6187,location,11.83, 1.32, 46.88
132.6256,location,11.83, 1.32, 46.88
133.6325,location,11.83, 1.32, 46.88
134.633,location,14.48, 1.32, 49.12
135.6337,location,12.22, 1.32, 53.20
136.6204,jump,8.04, 1.32, 55.56
136.6342,location,8.04, 1.32, 55.56
137.6349,location,3.06, 3.62, 55.61
138.0518,jump,0.97, 1.32, 55.81
138.6355,location,-1.89, 4.58, 56.26
139.18,diamond,-3.07, 2.94, 56.05
139.6361,location,-5.24, 1.32, 56.06
139.7,diamond,-5.59, 1.32, 56.25
140.54,diamond,-8.54, 1.32, 56.20
140.6367,location,-8.93, 1.32, 56.28
141.28,diamond,-12.19, 1.32, 56.67
141.6373,location,-13.51, 1.32, 55.77
142.08,diamond,-14.73, 1.32, 54.03
142.1,diamond,-14.76, 1.32, 53.93
142.3,diamond,-14.99, 1.32, 52.96
142.36,diamond,-15.06, 1.32, 52.67
142.36,diamond,-15.06, 1.32, 52.67
142.6379,location,-15.29, 1.32, 51.39
142.9,diamond,-15.30, 1.32, 49.99
142.94,diamond,-15.30, 1.32, 49.79
143.02,diamond,-15.30, 1.32, 49.39
143.04,diamond,-15.31, 1.32, 49.29
143.1,diamond,-15.31, 1.32, 48.99
143.32,diamond,-15.32, 1.32, 47.89
143.36,diamond,-15.32, 1.32, 47.69
143.6385,location,-15.59, 1.32, 46.43
143.72,diamond,-15.75, 1.32, 45.95
143.74,diamond,-15.78, 1.32, 45.86
143.78,diamond,-15.84, 1.32, 45.67
143.8,diamond,-15.87, 1.32, 45.57
143.84,diamond,-15.93, 1.32, 45.38
144.02,diamond,-16.28, 1.32, 44.56
144.04,diamond,-16.33, 1.32, 44.47
144.44,diamond,-18.21, 1.29, 44.00
144.46,diamond,-18.31, 1.29, 43.99
144.6391,location,-19.10, 1.29, 43.95
144.64,diamond,-19.20, 1.29, 43.95
144.68,diamond,-19.40, 1.29, 43.93
144.7,diamond,-19.50, 1.29, 43.93
144.84,diamond,-20.20, 1.29, 43.90
144.86,diamond,-20.30, 1.29, 43.90
145.22,diamond,-22.10, 1.32, 43.80
145.24,diamond,-22.20, 1.32, 43.80
145.4,diamond,-23.00, 1.32, 43.79
145.48,diamond,-23.37, 1.32, 43.92
145.52,diamond,-23.55, 1.32, 44.02
145.54,diamond,-23.63, 1.32, 44.08
145.54,diamond,-23.63, 1.32, 44.08
145.6,diamond,-23.84, 1.32, 44.29
145.62,diamond,-23.89, 1.32, 44.38
145.6397,location,-23.89, 1.32, 44.38
146.22,diamond,-23.26, 1.32, 46.69
146.24,diamond,-23.32, 1.32, 46.77
146.38,diamond,-23.75, 1.32, 47.32
146.46,diamond,-24.00, 1.32, 47.64
146.5,diamond,-24.12, 1.32, 47.80
146.52,diamond,-24.18, 1.32, 47.88
146.62,diamond,-24.19, 1.32, 48.35
146.62,diamond,-24.19, 1.32, 48.35
146.6403,location,-24.18, 1.32, 48.45
147.02,diamond,-23.95, 1.32, 50.34
147.04,diamond,-23.94, 1.32, 50.44
147.04,diamond,-23.94, 1.32, 50.44
147.06,diamond,-23.93, 1.32, 50.54
147.14,diamond,-23.90, 1.32, 50.93
147.32,diamond,-23.92, 1.32, 51.83
147.34,diamond,-23.92, 1.32, 51.93
147.34,diamond,-23.92, 1.32, 51.93
147.36,diamond,-23.92, 1.32, 52.03
147.6409,location,-23.01, 1.32, 52.82
147.88,diamond,-21.84, 1.29, 52.80
147.9,diamond,-21.75, 1.29, 52.75
148.04,diamond,-21.20, 1.29, 52.31
148.1,diamond,-20.97, 1.29, 52.12
148.16,diamond,-20.73, 1.29, 51.95
148.22,diamond,-20.45, 1.29, 52.06
148.26,diamond,-20.28, 1.29, 52.16
148.3,diamond,-20.10, 1.29, 52.26
148.6415,location,-18.68, 1.29, 52.32
148.88,diamond,-17.52, 1.32, 52.29
148.9,diamond,-17.42, 1.32, 52.31
148.92,diamond,-17.32, 1.32, 52.33
148.94,diamond,-17.22, 1.32, 52.34
149.64,diamond,-17.27, 1.32, 49.35
149.6421,location,-17.27, 1.32, 49.35
149.66,diamond,-17.29, 1.32, 49.26
150.6427,location,-15.70, 1.32, 44.81
150.7,diamond,-15.55, 1.32, 44.55
150.72,diamond,-15.52, 1.32, 44.46
151.6433,location,-19.08, 1.29, 45.50
151.66,diamond,-19.17, 1.29, 45.55
151.68,diamond,-19.26, 1.29, 45.59
151.92,diamond,-19.81, 1.29, 46.60
151.94,diamond,-19.83, 1.29, 46.70
152.12,diamond,-19.45, 1.29, 47.48
152.24,diamond,-19.41, 1.29, 48.02
152.26,diamond,-19.48, 1.29, 48.09
152.38,diamond,-19.96, 1.29, 48.45
152.4,diamond,-20.04, 1.29, 48.50
152.6439,location,-20.24, 1.29, 49.69
152.7,diamond,-20.29, 1.29, 49.98
153.44,diamond,-21.71, 1.29, 48.37
153.52,diamond,-22.06, 1.32, 48.19
153.6445,location,-22.55, 1.32, 47.90
154.4,diamond,-21.69, 1.29, 47.71
154.6451,location,-20.52, 1.29, 48.00
155.1802,jump,-21.56, 1.29, 49.37
155.6458,location,-21.79, 4.21, 51.44
156.6463,location,-24.73, 1.32, 54.60
156.66,lock unlockedredKey,-24.80, 1.32, 54.67
157.6469,location,-25.45, 1.32, 55.37
158.6607,location,-25.45, 1.32, 55.37
159.6613,location,-28.79, 1.32, 57.16
160,hold button enter,-30.48, 1.32, 57.02
160.16,diamond,-31.26, 1.32, 56.84
160.4465,jump,-32.62, 1.32, 56.53
160.52,diamond,-33.01, 2.06, 56.45
160.56,hold button leave,-33.21, 2.40, 56.42
160.6619,location,-33.70, 3.13, 56.33
160.72,diamond,-34.00, 3.50, 56.31
161.1,diamond,-35.90, 4.58, 56.30
161.42,diamond,-37.49, 3.81, 56.48
161.6626,location,-37.39, 2.23, 56.49
162.44,hold button enter,-33.50, 1.32, 56.76
162.6632,location,-32.40, 1.32, 56.83
163.6638,location,-31.53, 1.32, 56.61
164.32,hold button leave,-33.82, 1.32, 56.45
164.3308,jump,-33.82, 1.32, 56.45
164.6644,location,-35.52, 3.84, 56.39
165.44,gun,-39.40, 4.24, 56.58
165.66,diamond,-39.60, 4.85, 56.53
165.665,location,-39.60, 4.85, 56.53
165.98,diamond,-39.60, 5.80, 56.53
166.2695,shoot,-39.93, 5.95, 56.31
166.6656,location,-39.93, 5.95, 56.31
167.6662,location,-40.02, 5.95, 55.39
167.8329,shoot,-40.02, 5.95, 55.39
168.6668,location,-40.02, 5.95, 55.39
169.1671,shoot,-40.02, 5.95, 55.39
169.6674,location,-40.02, 5.95, 55.39
170.668,location,-40.02, 5.95, 55.39
170.7375,shoot,-40.02, 5.95, 55.39
171.6686,location,-37.09, 1.29, 57.52
172.6692,location,-32.92, 1.32, 57.68
172.68,hold button enter,-32.86, 1.32, 57.60
173.6698,location,-31.54, 1.32, 56.34
174.12,hold button leave,-33.83, 1.32, 56.13
174.1423,jump,-33.93, 1.32, 56.14
174.6704,location,-36.52, 4.40, 56.38
175.671,location,-39.40, 5.91, 56.52
175.8169,jump,-39.90, 5.95, 56.46
176.6716,location,-40.25, 6.74, 55.91
177.6444,shoot,-43.56, 1.29, 52.47
177.6722,location,-43.63, 1.29, 52.40
178.6728,location,-43.63, 1.29, 52.40
179.6734,location,-43.63, 1.29, 52.40
180.1737,shoot,-43.63, 1.29, 52.40
180.674,location,-43.63, 1.29, 52.40
181.6746,location,-45.20, 1.29, 52.39
182.6752,location,-46.37, 1.32, 51.82
183.6758,location,-49.34, 1.32, 51.60
184.6765,location,-49.40, 1.32, 52.92
184.7182,shoot,-49.40, 1.32, 52.92
185.6771,location,-47.31, 1.32, 51.94
185.9272,shoot,-47.03, 1.32, 53.19
186.6777,location,-47.14, 1.32, 54.18
187.6783,location,-47.14, 1.32, 54.18
188.0257,shoot,-47.14, 1.32, 54.18
188.6789,location,-46.80, 1.32, 54.67
189.3112,shoot,-46.02, 1.32, 57.48
189.6795,location,-46.34, 1.32, 59.25
190.6801,location,-46.77, 1.32, 60.89
190.7357,shoot,-46.77, 1.32, 60.89
190.98,pole sphere activated,-46.77, 1.32, 60.89
191.6807,location,-46.39, 1.32, 60.99
192.6813,location,-45.37, 1.29, 62.06
193.258,shoot,-45.37, 1.29, 62.06
193.6819,location,-45.37, 1.29, 62.06
194.6825,location,-45.37, 1.29, 62.06
195.5719,shoot,-45.37, 1.29, 62.06
195.6831,location,-45.37, 1.29, 62.06
196.6837,location,-44.83, 1.29, 59.94
197.6843,location,-40.30, 1.29, 61.50
197.7469,shoot,-40.02, 1.29, 61.60
198.6849,location,-37.51, 1.29, 61.42
199.1644,shoot,-37.51, 1.29, 61.42
199.6855,location,-37.51, 1.29, 61.42
200.26,pole sphere activated,-37.51, 1.29, 61.42
200.4429,shoot,-37.51, 1.29, 61.42
200.6861,location,-37.51, 1.29, 61.42
201.6381,shoot,-36.68, 1.29, 61.76
201.6867,location,-36.40, 1.29, 61.87
202.6873,location,-37.27, 1.29, 62.12
203.6879,location,-38.29, 1.32, 64.29
204.24,diamond,-39.01, 1.32, 66.55
204.36,diamond,-39.11, 1.32, 67.10
204.5,diamond,-39.06, 1.32, 67.80
204.66,diamond,-39.09, 1.32, 68.59
204.6886,location,-39.10, 1.32, 68.69
204.8,diamond,-39.18, 1.32, 69.29
204.92,diamond,-39.26, 1.32, 69.88
205.06,diamond,-39.35, 1.32, 70.58
205.2,diamond,-39.38, 1.32, 71.27
205.34,diamond,-39.40, 1.32, 71.97
205.5,diamond,-39.39, 1.32, 72.77
205.64,diamond,-39.36, 1.32, 73.47
205.6891,location,-39.35, 1.32, 73.67
205.78,diamond,-39.33, 1.32, 74.17
205.94,diamond,-39.32, 1.32, 74.97
206.1,diamond,-39.35, 1.32, 75.77
206.24,diamond,-39.37, 1.32, 76.47
206.38,diamond,-39.39, 1.32, 77.17
206.54,diamond,-39.42, 1.32, 77.97
206.68,diamond,-39.44, 1.32, 78.67
206.6898,location,-39.44, 1.32, 78.67
206.82,diamond,-39.46, 1.32, 79.37
206.96,diamond,-39.48, 1.32, 80.07
207.12,diamond,-39.51, 1.32, 80.87
207.26,diamond,-39.54, 1.32, 81.57
207.4,diamond,-39.56, 1.32, 82.27
207.54,diamond,-39.59, 1.32, 82.97
207.6904,location,-39.61, 1.32, 83.67
208.3157,jump,-39.96, 1.32, 86.72
208.691,location,-40.22, 3.04, 88.49
209.6916,location,-40.38, 1.33, 93.31
210.44,diamond,-39.77, 1.33, 96.97
210.44,diamond,-39.77, 1.33, 96.97
210.48,diamond,-39.68, 1.33, 97.15
210.48,diamond,-39.68, 1.33, 97.15
210.58,diamond,-39.70, 1.33, 97.61
210.6,diamond,-39.73, 1.33, 97.71
210.6,diamond,-39.73, 1.33, 97.71
210.62,diamond,-39.76, 1.33, 97.80
210.64,diamond,-39.80, 1.33, 97.89
210.66,diamond,-39.83, 1.33, 97.99
210.6922,location,-39.87, 1.33, 98.08
210.7,diamond,-39.90, 1.33, 98.18
210.7,diamond,-39.90, 1.33, 98.18
211.6928,location,-40.62, 1.33, 96.58
212.6934,location,-40.23, 1.33, 96.69
213.6935,location,-40.23, 1.33, 96.69
214.7004,location,-40.23, 1.33, 96.69
215.7073,location,-40.23, 1.33, 96.69
216.7142,location,-40.23, 1.33, 96.69
217.7211,location,-40.23, 1.33, 96.69
218.728,location,-40.23, 1.33, 96.69
219.7283,location,-39.60, 1.33, 98.39
220.7289,location,-39.54, 1.33, 97.28
221.1388,jump,-39.54, 1.33, 97.28
221.7295,location,-38.76, 3.06, 97.45
222.7301,location,-39.85, 1.33, 97.36
223.7305,location,-39.95, 1.33, 97.36
224.7374,location,-39.95, 1.33, 97.36
225.7443,location,-39.95, 1.33, 97.36
226.7512,location,-39.95, 1.33, 97.36
227.7581,location,-39.95, 1.33, 97.36
228.765,location,-39.95, 1.33, 97.36
229.7719,location,-39.95, 1.33, 97.36
230.7722,location,-39.34, 1.33, 98.01
231.7728,location,-38.27, 1.33, 93.83
232.16,diamond,-37.03, 1.33, 92.86
232.38,diamond,-37.86, 1.33, 92.14
232.52,diamond,-38.49, 1.33, 91.87
232.74,diamond,-39.58, 1.33, 91.72
232.7734,location,-39.68, 1.33, 91.71
232.88,diamond,-40.28, 1.33, 91.63
233.06,diamond,-41.17, 1.33, 91.51
233.22,diamond,-41.96, 1.33, 91.43
233.44,diamond,-43.01, 1.33, 91.78
233.64,diamond,-43.86, 1.33, 92.30
233.774,location,-44.23, 1.33, 92.77
233.88,diamond,-44.50, 1.33, 93.30
234.12,diamond,-44.88, 1.33, 94.44
234.36,diamond,-45.30, 1.33, 95.56
234.52,diamond,-45.60, 1.33, 96.30
234.7,diamond,-46.05, 1.33, 97.08
234.7746,location,-46.21, 1.33, 97.33
234.9,diamond,-46.50, 1.33, 97.96
235.12,diamond,-46.41, 1.33, 99.05
235.32,diamond,-46.08, 1.33, 100.00
235.54,diamond,-45.55, 1.33, 100.96
235.72,diamond,-45.09, 1.33, 101.74
235.7752,location,-44.98, 1.33, 101.90
235.94,diamond,-44.43, 1.33, 102.61
236.08,diamond,-43.94, 1.33, 103.11
236.3,diamond,-43.02, 1.33, 103.72
236.48,diamond,-42.19, 1.33, 104.06
236.7,diamond,-41.12, 1.33, 104.28
236.7758,location,-40.82, 1.33, 104.30
236.86,diamond,-40.32, 1.33, 104.33
236.9635,shoot,-39.82, 1.33, 104.35
237.1,diamond,-39.19, 1.33, 104.07
237.44,diamond,-37.86, 1.33, 103.10
237.58,diamond,-37.16, 1.33, 103.18
237.7,diamond,-36.57, 1.33, 103.27
237.7764,location,-36.27, 1.33, 103.29
237.96,diamond,-35.63, 1.33, 102.53
238.0752,shoot,-35.20, 1.33, 102.33
238.14,diamond,-34.81, 1.33, 102.22
238.4,diamond,-34.19, 1.33, 101.25
238.7,diamond,-33.80, 1.33, 99.80
238.7771,location,-33.72, 1.33, 99.51
238.94,diamond,-33.64, 1.33, 98.61
239.0828,shoot,-33.63, 1.33, 97.91
239.16,diamond,-33.63, 1.33, 97.51
239.38,diamond,-33.62, 1.33, 96.41
239.58,diamond,-33.96, 1.33, 95.48
239.7776,location,-34.31, 1.33, 94.65
239.8,diamond,-34.40, 1.33, 94.47
239.98,diamond,-34.86, 1.33, 93.70
240.1529,shoot,-35.33, 1.33, 93.06
240.34,diamond,-35.95, 1.33, 92.27
240.7782,location,-37.78, 1.33, 91.65
241.1952,shoot,-39.53, 1.33, 92.71
241.7788,location,-42.20, 1.33, 93.84
242.7794,location,-46.21, 1.33, 96.57
243.1408,shoot,-48.11, 1.33, 96.66
243.7801,location,-51.03, 1.35, 97.26
244.7807,location,-55.99, 1.35, 97.53
244.8988,shoot,-56.49, 1.35, 97.56
245.7813,location,-58.80, 1.35, 95.31
246.4414,jump,-59.23, 1.35, 94.19
246.7819,location,-59.97, 3.82, 92.66
247.7825,location,-62.52, 8.63, 91.01
247.8381,jump,-62.71, 8.91, 91.06
248.7831,location,-66.80, 11.73, 90.52
249.7837,location,-69.10, 7.25, 91.21
250.7843,location,-68.50, 1.35, 93.43
251.7849,location,-66.28, 1.35, 92.90
252.4172,jump,-65.82, 1.35, 92.26
252.7855,location,-64.29, 4.09, 91.51
253.7861,location,-62.74, 8.07, 91.36
254.1057,jump,-61.68, 8.21, 91.92
254.7867,location,-59.16, 11.47, 92.26
255.12,diamond,-58.46, 10.49, 92.21
255.2,diamond,-58.06, 10.02, 92.23
255.7873,location,-57.19, 10.06, 92.46
256.58,diamond,-58.63, 10.04, 94.09
256.7879,location,-58.72, 9.98, 95.09
256.94,diamond,-58.78, 10.13, 95.89
257.2,diamond,-58.87, 10.06, 97.19
257.54,diamond,-58.82, 9.98, 98.88
257.7885,location,-58.72, 10.01, 100.08
257.9,diamond,-58.46, 9.91, 100.61
258.2124,shoot,-57.92, 9.95, 101.92
258.24,diamond,-57.94, 9.97, 102.02
258.7891,location,-57.94, 9.97, 102.02
259.7897,location,-57.82, 8.80, 98.85
260.7903,location,-57.54, 8.69, 94.50
261.7423,shoot,-58.68, 1.88, 93.43
261.7909,location,-58.84, 1.48, 93.32
262.7915,location,-60.21, 1.35, 91.14
263.7939,location,-60.93, 6.39, 89.94
264.7945,location,-63.36, 4.85, 90.47
265.7951,location,-62.78, 6.11, 90.64
265.8994,jump,-63.25, 6.81, 90.47
266.7957,location,-67.65, 9.88, 90.33
267.7963,location,-67.52, 9.48, 90.80
268.7969,location,-69.77, 1.35, 90.26
268.84,lock no keyyellowKey,-69.71, 1.35, 89.97
269.4293,jump,-67.67, 1.35, 89.08
269.7975,location,-65.90, 3.96, 89.40
270.7981,location,-62.31, 1.35, 89.27
271.0691,jump,-62.31, 1.35, 89.27
271.7987,location,-62.16, 5.27, 88.33
272.7993,location,-61.51, 5.97, 88.69
273.8,location,-61.71, 4.99, 88.71
274.057,jump,-63.00, 6.81, 88.83
274.8005,location,-66.80, 10.18, 89.03
275.8011,location,-68.07, 9.52, 91.27
276.0096,jump,-69.02, 9.52, 91.58
276.8018,location,-72.91, 12.68, 92.48
277.38,diamond,-75.74, 9.90, 93.14
277.8024,location,-76.49, 10.02, 93.16
278.12,diamond,-76.99, 10.03, 92.61
278.803,location,-77.34, 9.94, 91.91
279.5,diamond,-76.42, 9.88, 94.34
279.8036,location,-76.44, 9.88, 95.79
279.86,diamond,-76.26, 9.98, 96.03
280.16,diamond,-76.13, 9.98, 97.46
280.54,diamond,-75.80, 10.14, 99.25
280.8042,location,-75.91, 10.01, 100.54
280.94,diamond,-76.02, 10.04, 101.23
281.4,diamond,-77.83, 9.70, 102.20
281.8048,location,-77.62, 10.02, 102.87
282.8054,location,-75.82, 10.05, 100.76
283.806,location,-75.79, 10.12, 95.78
284.5356,jump,-77.19, 10.03, 92.47
284.8066,location,-77.48, 12.25, 91.10
285.8072,location,-78.03, 10.56, 88.08
285.96,diamond,-78.10, 9.33, 87.30
286.12,diamond,-77.87, 9.33, 86.53
286.28,diamond,-77.33, 9.33, 86.07
286.44,diamond,-76.53, 9.33, 86.11
286.5368,jump,-76.13, 9.33, 86.14
286.58,diamond,-75.83, 9.90, 86.17
286.62,diamond,-75.63, 10.26, 86.19
286.8078,location,-74.74, 11.04, 86.18
286.9,diamond,-74.25, 11.04, 86.06
287.06,diamond,-73.53, 11.04, 85.73
287.26,diamond,-73.09, 11.00, 85.03
287.4,diamond,-73.75, 10.71, 84.99
287.48,diamond,-73.75, 10.41, 84.99
287.8084,location,-74.14, 9.33, 85.03
288.02,diamond,-75.24, 9.33, 85.02
288.18,diamond,-76.03, 9.33, 84.87
288.2253,jump,-76.22, 9.33, 84.83
288.34,diamond,-76.81, 10.41, 84.69
288.36,diamond,-76.91, 10.56, 84.67
288.809,location,-76.58, 11.04, 85.63
289.3,diamond,-74.22, 9.71, 86.45
289.8096,location,-72.19, 9.33, 86.87
289.9277,jump,-71.59, 9.33, 86.86
290.8102,location,-69.47, 10.74, 87.86
291.4,diamond,-66.50, 9.33, 86.41
291.6,diamond,-66.26, 9.33, 85.46
291.8108,location,-66.20, 9.33, 84.46
291.92,diamond,-66.16, 9.33, 83.86
292.2,diamond,-66.08, 9.33, 82.46
292.52,diamond,-66.02, 9.33, 80.87
292.6794,jump,-66.02, 9.33, 80.17
292.78,diamond,-66.05, 10.43, 79.57
292.8114,location,-66.05, 10.59, 79.47
293.16,diamond,-66.13, 11.04, 77.67
293.2283,shoot,-66.14, 11.04, 77.37
293.44,diamond,-66.06, 10.95, 76.28
293.76,diamond,-65.66, 9.67, 74.73
293.812,location,-65.62, 9.40, 74.53
294.18,diamond,-65.53, 9.33, 72.64
294.7,lock no keygreenKey,-65.46, 9.33, 70.04
294.8126,location,-65.45, 9.33, 69.54
295.8132,location,-66.86, 9.33, 69.10
296.8138,location,-66.22, 9.33, 73.39
297.606,shoot,-65.05, 9.33, 76.54
297.8144,location,-65.05, 9.33, 76.54
298.815,location,-63.65, 9.33, 79.48
299.8156,location,-64.54, 9.33, 84.08
300.3507,jump,-65.69, 9.33, 86.51
300.8163,location,-66.31, 11.61, 88.72
301.8168,location,-67.31, 7.30, 93.62
302.4005,jump,-67.52, 1.35, 96.60
302.8174,location,-67.62, 4.07, 98.60
302.8939,shoot,-67.67, 4.33, 98.99
303.8181,location,-68.18, 1.35, 103.57
304.24,lock unlockedredKey,-68.60, 1.35, 105.72
304.8187,location,-69.08, 1.35, 107.18
305.8193,location,-69.04, 1.35, 107.27
306.1598,jump,-69.30, 1.35, 108.74
306.8199,location,-71.38, 4.87, 110.22
307.32,diamond,-73.87, 2.94, 110.00
307.82,diamond,-76.23, 1.35, 110.02
307.8205,location,-76.23, 1.35, 110.02
308.3347,jump,-76.73, 1.35, 112.29
308.46,diamond,-76.98, 2.60, 112.89
308.72,diamond,-77.02, 4.16, 113.39
308.8211,location,-77.02, 4.48, 113.39
309.26,diamond,-77.24, 4.14, 114.77
309.62,diamond,-77.22, 1.70, 116.52
309.8217,location,-76.91, 1.35, 117.42
310.8223,location,-76.35, 1.35, 116.77
311.2,diamond,-76.81, 1.35, 115.01
311.8229,location,-78.29, 1.35, 114.28
312.8235,location,-76.56, 1.35, 117.37
313.8241,location,-76.30, 1.35, 113.36
314.8247,location,-74.44, 1.35, 116.63
315.68,diamond,-70.14, 1.35, 116.57
315.74,diamond,-69.88, 1.35, 116.44
315.8253,location,-69.71, 1.35, 116.09
315.84,diamond,-69.68, 1.35, 115.99
315.9,diamond,-69.62, 1.35, 115.70
316.06,diamond,-69.44, 1.35, 114.92
316.12,diamond,-69.38, 1.35, 114.62
316.24,diamond,-69.24, 1.35, 114.04
316.3,diamond,-69.18, 1.35, 113.75
316.8259,location,-67.88, 1.35, 111.67
317.22,diamond,-66.36, 1.35, 110.89
317.8265,location,-63.65, 1.35, 110.28
318.12,diamond,-62.34, 1.35, 109.84
318.82,diamond,-61.72, 1.35, 112.92
318.8202,jump,-61.72, 1.35, 112.92
318.8271,location,-61.72, 1.35, 112.92
319.8277,location,-61.67, 3.70, 117.33
319.96,diamond,-61.87, 2.82, 117.99
320.42,diamond,-64.15, 1.35, 117.86
320.8005,jump,-64.61, 1.35, 118.17
320.8283,location,-64.61, 1.54, 118.17
321.8289,location,-66.15, 3.61, 116.66
322.1069,jump,-66.15, 3.02, 116.66
322.74,diamond,-64.87, 6.32, 114.91
322.76,diamond,-64.92, 6.32, 114.82
322.76,diamond,-64.92, 6.32, 114.82
322.8295,location,-65.13, 6.30, 114.60
322.98,diamond,-65.20, 5.96, 114.54
323.8093,jump,-65.36, 5.35, 113.75
323.8301,location,-65.36, 5.55, 113.75
324.8307,location,-66.34, 7.69, 114.87
325.4144,jump,-67.52, 5.35, 115.50
325.8313,location,-69.21, 8.23, 116.66
326.52,diamond,-72.55, 7.15, 117.68
326.54,diamond,-72.64, 7.02, 117.72
326.58,diamond,-72.82, 6.72, 117.82
326.8319,location,-73.09, 6.50, 118.11
327.2558,jump,-73.27, 6.50, 118.68
327.32,diamond,-73.40, 7.26, 119.06
327.8326,location,-73.39, 9.80, 120.34
327.96,diamond,-73.52, 9.84, 120.47
327.96,diamond,-73.52, 9.84, 120.47
328.06,diamond,-73.73, 9.69, 120.92
328.24,diamond,-73.77, 9.04, 121.47
328.7081,jump,-73.48, 8.18, 121.65
328.8332,location,-73.46, 9.26, 122.24
328.96,diamond,-73.43, 10.30, 122.80
328.98,diamond,-73.42, 10.42, 122.90
329.04,diamond,-73.40, 10.73, 123.20
329.2,diamond,-73.30, 11.31, 123.89
329.7,diamond,-72.72, 10.65, 123.74
329.7,diamond,-72.72, 10.65, 123.74
329.78,diamond,-72.33, 10.57, 123.63
329.8337,location,-72.14, 10.56, 123.58
330.14,diamond,-70.57, 10.46, 123.33
330.14,diamond,-70.57, 10.46, 123.33
330.28,diamond,-69.87, 10.46, 123.36
330.3271,jump,-69.67, 10.46, 123.38
330.44,diamond,-69.07, 11.54, 123.45
330.6,diamond,-68.29, 12.64, 123.59
330.6,diamond,-68.29, 12.64, 123.59
330.8344,location,-67.23, 13.53, 123.92
331.2,diamond,-66.01, 13.37, 123.71
331.3,diamond,-65.64, 12.96, 123.87
331.4,diamond,-65.18, 12.41, 124.08
331.54,diamond,-65.18, 11.38, 124.08
331.835,location,-65.18, 10.59, 124.08
332.5,diamond,-66.26, 10.65, 123.88
332.5,diamond,-66.26, 10.65, 123.88
332.8355,location,-67.86, 10.68, 123.93
332.9954,jump,-68.66, 10.69, 123.96
333.8362,location,-70.03, 13.82, 123.73
334.8368,location,-71.82, 10.48, 123.32
335.7192,jump,-71.92, 10.48, 123.30
335.82,diamond,-71.92, 11.58, 123.30
335.8374,location,-71.92, 11.58, 123.30
336.838,location,-70.37, 12.37, 124.52
337.6788,jump,-70.74, 9.40, 125.97
337.8386,location,-70.25, 10.82, 126.29
338.8392,location,-69.37, 11.98, 128.01
339.16,green key,-69.04, 12.20, 129.39
339.8398,location,-68.85, 12.37, 130.29
340.8404,location,-66.66, 5.52, 130.23
341.02,diamond,-67.05, 3.72, 129.53
341.32,diamond,-66.03, 1.35, 128.58
341.6,diamond,-65.72, 1.35, 127.25
341.8427,location,-65.83, 1.35, 126.28
342.8485,location,-66.97, 1.35, 129.70
343.18,diamond,-66.37, 1.35, 129.45
343.8492,location,-67.25, 1.35, 129.83
344.12,diamond,-68.62, 1.35, 129.54
344.28,jump,-69.31, 1.35, 129.47
344.44,diamond,-70.21, 2.92, 129.39
344.8498,location,-72.00, 4.68, 129.23
345.42,diamond,-73.31, 2.97, 129.73
345.56,diamond,-73.44, 1.80, 129.05
345.8503,location,-73.23, 1.35, 127.67
345.9,diamond,-73.21, 1.35, 127.37
346.0658,jump,-73.20, 1.35, 126.57
346.851,location,-71.80, 4.51, 123.62
347.8516,location,-72.40, 1.35, 120.29
348.8522,location,-71.60, 1.35, 121.96
349.8528,location,-70.14, 1.35, 123.31
350.499,jump,-69.63, 1.35, 123.45
350.8534,location,-69.11, 4.10, 122.30
351.854,location,-69.97, 6.01, 117.75
351.9304,jump,-70.04, 5.90, 117.35
352.8546,location,-70.50, 8.71, 112.78
353.8552,location,-70.08, 1.34, 107.80
354.2096,shoot,-71.06, 1.35, 106.32
354.8558,location,-73.04, 1.35, 103.80
355.634,shoot,-75.93, 1.35, 101.30
355.8564,location,-76.52, 1.35, 100.37
356.22,lock no keyblueKey,-77.71, 1.35, 98.90
356.857,location,-78.82, 1.35, 96.56
357.0515,shoot,-78.20, 1.35, 95.78
357.8576,location,-74.76, 1.35, 93.76
358.3093,shoot,-73.05, 1.35, 92.22
358.8582,location,-71.36, 1.35, 90.13
359.04,lock no keyyellowKey,-70.76, 1.35, 89.32
359.8588,location,-67.33, 1.35, 88.37
360.8594,location,-62.38, 0.99, 89.06
361.86,location,-62.28, -8.87, 89.07
362.8606,location,-62.28, -18.88, 89.07
362.9,out of bounds,-62.28, -19.28, 89.07
363.8612,location,-40.00, 1.33, 91.00
364.8618,location,-40.00, 1.33, 91.00
365.8621,location,-40.00, 1.33, 91.00
366.869,location,-40.00, 1.33, 91.00
367.8694,location,-41.66, 1.33, 91.85
368.87,location,-40.60, 1.33, 94.47
369.8706,location,-40.07, 1.33, 97.94
370.8712,location,-40.90, 1.33, 96.85
371.8716,location,-39.71, 1.33, 95.64
372.8785,location,-39.71, 1.33, 95.64
373.8854,location,-39.71, 1.33, 95.64
374.7261,shoot,-38.49, 1.33, 93.23
374.886,location,-37.83, 1.33, 92.80
375.8866,location,-39.06, 1.33, 92.25
376.8872,location,-41.75, 1.33, 90.99
377.0817,shoot,-42.38, 1.33, 91.76
377.8878,location,-44.77, 1.33, 94.86
378.8884,location,-48.69, 1.33, 96.62
379.2149,shoot,-50.27, 1.35, 96.87
379.889,location,-53.66, 1.35, 97.13
380.8896,location,-57.92, 1.35, 97.20
381.8902,location,-57.92, 1.35, 97.20
382.8902,location,-57.92, 1.35, 97.20
383.8971,location,-57.92, 1.35, 97.20
384.8976,location,-59.56, 1.35, 95.32
385.9044,location,-59.56, 1.35, 95.32
386.9113,location,-59.56, 1.35, 95.32
387.9182,location,-59.56, 1.35, 95.32
388.9251,location,-59.56, 1.35, 95.32
389.9254,location,-60.74, 1.35, 93.25
390.926,location,-60.59, 1.35, 90.44
391.9266,location,-60.59, 3.73, 90.44
392.9272,location,-64.46, 6.97, 89.55
393.9279,location,-63.94, 1.35, 91.20
394.9285,location,-62.83, 1.35, 89.78
395.9291,location,-62.83, 3.45, 89.78
396.9297,location,-63.42, 8.07, 90.75
397.9303,location,-64.84, 1.35, 91.46
398.9309,location,-64.32, 1.35, 91.00
399.2436,jump,-63.76, 1.35, 90.78
399.9315,location,-62.05, 2.94, 90.33
400.9321,location,-62.10, 8.63, 89.05
400.946,jump,-62.13, 8.49, 88.96
401.9327,location,-64.44, 10.31, 84.99
402.9333,location,-64.20, 9.33, 80.03
403.7115,shoot,-64.36, 9.33, 76.14
403.9339,location,-64.67, 9.33, 75.08
404.9345,location,-65.88, 9.33, 70.33
405,lock unlockedgreenKey,-65.83, 9.33, 69.93
405.9351,location,-65.50, 9.33, 68.39
406.1019,shoot,-65.50, 9.33, 68.39
406.9357,location,-65.13, 9.33, 66.16
407.76,diamond,-63.12, 9.33, 67.02
407.78,diamond,-63.03, 9.33, 66.99
407.9363,location,-62.37, 9.33, 66.75
407.98,diamond,-62.12, 9.33, 66.58
408,diamond,-62.05, 9.33, 66.51
408.04,diamond,-61.92, 9.33, 66.36
408.08,diamond,-61.81, 9.33, 66.19
408.14,diamond,-61.65, 9.33, 65.94
408.14,diamond,-61.65, 9.33, 65.94
408.16,diamond,-61.60, 9.33, 65.86
408.9369,location,-61.70, 9.33, 65.39
409.9374,location,-64.56, 9.33, 64.16
410.9443,location,-64.56, 9.33, 64.16
411.9512,location,-64.56, 9.33, 64.16
412.9514,location,-64.48, 9.33, 62.37
413,diamond,-64.71, 9.33, 62.24
413.58,diamond,-66.62, 9.33, 62.12
413.9381,jump,-68.32, 9.34, 62.10
413.952,location,-68.42, 9.54, 62.10
414.1,diamond,-69.22, 10.91, 62.07
414.58,diamond,-71.61, 11.04, 61.88
414.94,diamond,-73.41, 10.12, 61.94
414.9526,location,-73.41, 10.12, 61.94
415.175,jump,-74.50, 9.34, 61.98
415.5,diamond,-76.20, 11.04, 61.97
415.94,diamond,-78.40, 10.94, 61.92
415.9532,location,-78.40, 10.94, 61.92
416.3,diamond,-80.20, 9.37, 61.88
416.3493,jump,-80.40, 9.34, 61.88
416.9539,location,-82.20, 11.04, 61.84
417.26,yellow key,-83.70, 10.54, 61.80
417.9544,location,-84.53, 9.34, 60.73
418.2463,jump,-83.28, 9.34, 60.50
418.955,location,-79.94, 11.03, 61.29
419.9551,location,-79.84, 9.34, 61.29
420.962,location,-79.84, 9.34, 61.29
421.9689,location,-79.84, 9.34, 61.29
422.9758,location,-79.84, 9.34, 61.29
423.9828,location,-79.84, 9.34, 61.29
424.9896,location,-79.84, 9.34, 61.29
425.9966,location,-79.84, 9.34, 61.29
427.0034,location,-79.84, 9.34, 61.29
428.0103,location,-79.84, 9.34, 61.29
429.0172,location,-79.84, 9.34, 61.29
430.0241,location,-79.84, 9.34, 61.29
431.031,location,-79.84, 9.34, 61.29
431.3089,jump,-79.24, 9.34, 61.34
432.0316,location,-78.84, 11.01, 61.38
432.7955,jump,-78.84, 9.34, 61.38
433.0317,location,-78.84, 11.04, 61.38
434.032,location,-78.84, 9.34, 61.38
434.5043,jump,-78.84, 9.34, 61.38
435.0324,location,-78.84, 11.04, 61.38
436.0326,location,-78.84, 9.34, 61.38
437.0326,location,-78.14, 9.34, 61.44
438.0332,location,-73.32, 9.34, 61.35
439.0338,location,-68.77, 9.34, 62.54
440.0344,location,-66.17, 9.33, 66.21
441.0348,location,-65.88, 9.33, 68.49
442.0417,location,-65.88, 9.33, 68.49
443.0486,location,-65.88, 9.33, 68.49
444.0555,location,-65.88, 9.33, 68.49
445.0624,location,-65.88, 9.33, 68.49
446.0693,location,-65.88, 9.33, 68.49
447.0761,location,-65.88, 9.33, 68.49
448.0831,location,-65.88, 9.33, 68.49
449.09,location,-65.88, 9.33, 68.49
450.0969,location,-65.88, 9.33, 68.49
451.1038,location,-65.88, 9.33, 68.49
452.1107,location,-65.88, 9.33, 68.49
453.1176,location,-65.88, 9.33, 68.49
454.1245,location,-65.88, 9.33, 68.49
455.1313,location,-65.88, 9.33, 68.49
456.1318,location,-65.46, 9.33, 72.26
456.2222,shoot,-65.37, 9.33, 72.76
457.1324,location,-65.39, 9.33, 77.25
457.3687,shoot,-65.44, 9.33, 78.45
458.1331,location,-65.80, 9.33, 82.23
458.2303,jump,-65.91, 9.33, 82.71
458.6334,shoot,-66.32, 11.04, 84.67
459.1337,location,-67.23, 10.62, 86.99
460.1342,location,-72.01, 9.52, 91.15
461.1349,location,-69.58, 5.64, 92.21
461.66,lock unlockedyellowKey,-69.08, 1.35, 89.94
462.1355,location,-69.20, 1.35, 88.31
463.1361,location,-69.11, 1.51, 87.74
463.74,diamond,-69.22, 1.33, 84.64
464.1367,location,-69.22, 1.33, 82.74
464.18,diamond,-69.20, 1.33, 82.45
464.68,diamond,-69.01, 1.33, 79.95
465.1373,location,-68.85, 1.33, 77.76
465.2,diamond,-68.84, 1.33, 77.36
465.7071,jump,-68.81, 1.33, 74.86
465.78,diamond,-68.81, 2.07, 74.46
466.1379,location,-68.81, 4.16, 72.76
466.62,diamond,-68.89, 4.09, 70.28
467.1385,location,-69.81, 3.52, 69.75
467.14,diamond,-69.91, 3.52, 69.73
467.56,diamond,-71.99, 3.56, 69.44
468.08,diamond,-74.58, 3.58, 69.27
468.1391,location,-74.78, 3.55, 69.26
468.6,diamond,-77.18, 2.73, 69.18
468.98,diamond,-79.08, 1.33, 69.15
469.1397,location,-79.78, 1.33, 69.15
470.1403,location,-78.34, 1.33, 73.62
470.6267,jump,-77.91, 1.33, 74.96
470.84,diamond,-77.77, 3.20, 75.88
470.88,diamond,-77.76, 3.45, 76.08
470.92,diamond,-77.74, 3.68, 76.28
470.94,diamond,-77.74, 3.78, 76.38
470.94,diamond,-77.74, 3.78, 76.38
470.98,diamond,-77.72, 3.97, 76.58
470.98,diamond,-77.72, 3.97, 76.58
471,diamond,-77.71, 4.06, 76.68
471.04,diamond,-77.70, 4.22, 76.88
471.04,diamond,-77.70, 4.22, 76.88
471.08,diamond,-77.67, 4.35, 77.08
471.08,diamond,-77.67, 4.35, 77.08
471.08,diamond,-77.67, 4.35, 77.08
471.12,diamond,-77.65, 4.46, 77.27
471.1409,location,-77.64, 4.50, 77.37
471.2,diamond,-77.64, 4.60, 77.37
471.52,diamond,-77.54, 4.22, 77.66
471.54,diamond,-77.50, 4.14, 77.75
471.7,diamond,-77.47, 3.32, 77.84
471.72,diamond,-77.47, 3.20, 77.84
471.74,diamond,-77.47, 3.06, 77.84
471.76,diamond,-77.47, 2.92, 77.84
471.84,diamond,-77.47, 2.30, 77.84
471.84,diamond,-77.47, 2.30, 77.84
471.86,diamond,-77.47, 2.13, 77.84
471.88,diamond,-77.47, 2.05, 77.84
472.1415,location,-77.47, 2.05, 77.84
472.7738,jump,-77.75, 2.05, 77.56
473.12,diamond,-77.75, 4.69, 77.56
473.1421,location,-77.75, 4.78, 77.56
473.18,diamond,-77.75, 4.94, 77.56
473.2,diamond,-77.75, 5.01, 77.56
474.1427,location,-77.62, 2.05, 75.66
474.379,jump,-77.59, 1.33, 74.56
475.1433,location,-76.27, 4.63, 71.04
475.5672,jump,-74.42, 3.41, 70.04
475.7965,shoot,-73.53, 5.23, 69.44
476.1439,location,-73.43, 6.63, 67.73
477.1445,location,-78.03, 5.33, 66.75
477.617,shoot,-80.25, 5.33, 66.59
478.1451,location,-81.50, 5.33, 64.71
478.5,hold button enter,-81.78, 5.33, 66.10
478.74,hold button leave,-82.33, 5.33, 67.07
478.94,hold button enter,-82.64, 5.33, 67.05
479.1457,location,-82.80, 5.33, 66.10
480.1463,location,-82.41, 5.33, 65.53
480.36,hold button leave,-81.39, 5.33, 65.52
481.1469,location,-77.55, 5.33, 65.29
482.1475,location,-78.57, 5.33, 67.18
482.92,hold button enter,-81.66, 5.33, 65.17
483.1481,location,-82.55, 5.33, 64.53
484.1487,location,-84.19, 5.33, 64.93
484.2947,shoot,-84.19, 5.33, 64.93
485.1494,location,-84.09, 5.33, 64.93
486.15,location,-83.58, 5.33, 65.62
486.9073,shoot,-83.58, 5.33, 65.62
487.1505,location,-83.58, 5.33, 65.62
488.1512,location,-83.58, 5.33, 65.62
489.1518,location,-83.58, 5.33, 65.62
489.4575,shoot,-83.58, 5.33, 65.62
490.1524,location,-83.58, 5.33, 65.62
491.153,location,-83.58, 5.33, 65.62
492.0771,shoot,-83.58, 5.33, 65.62
492.1536,location,-83.58, 5.33, 65.62
493.1542,location,-83.58, 5.33, 65.62
494.1548,location,-83.58, 5.33, 65.62
494.5786,shoot,-83.58, 5.33, 65.62
495.1554,location,-83.58, 5.33, 65.62
496.156,location,-83.58, 5.33, 65.62
497.0663,shoot,-83.58, 5.33, 65.62
497.1566,location,-83.58, 5.33, 65.62
498.1572,location,-83.58, 5.33, 65.62
499.1578,location,-83.58, 5.33, 65.62
499.9082,shoot,-83.58, 5.33, 65.62
500.1584,location,-83.58, 5.33, 65.62
500.54,pole sphere activated,-83.58, 5.33, 65.62
501.159,location,-83.58, 5.33, 65.62
502.1592,location,-83.58, 5.33, 65.62
503.1661,location,-83.58, 5.33, 65.62
504.173,location,-83.58, 5.33, 65.62
505.1799,location,-83.58, 5.33, 65.62
506.1868,location,-83.58, 5.33, 65.62
507.1937,location,-83.58, 5.33, 65.62
508.2006,location,-83.58, 5.33, 65.62
509.2076,location,-83.58, 5.33, 65.62
509.687,jump,-83.50, 5.33, 67.36
509.7,hold button leave,-83.42, 5.52, 67.42
510.2082,location,-81.34, 8.45, 68.74
511.2087,location,-78.22, 5.33, 66.82
511.3547,jump,-77.73, 5.33, 67.26
512.2094,location,-77.32, 8.40, 71.53
513.21,location,-77.21, 2.05, 76.33
514.2106,location,-77.08, 2.05, 77.22
515.1417,shoot,-78.92, 2.05, 78.99
515.2112,location,-78.92, 2.05, 78.99
516.2117,location,-78.92, 2.05, 78.99
516.2743,shoot,-78.92, 2.05, 78.99
517.2,pole sphere activated,-80.28, 1.33, 80.31
517.2124,location,-80.28, 1.33, 80.31
517.7126,shoot,-81.13, 1.33, 81.16
518.213,location,-80.12, 1.33, 79.98
519.2136,location,-77.36, 1.33, 82.17
520.2142,location,-76.52, 1.33, 82.51
520.4574,shoot,-76.52, 1.33, 82.51
521.2148,location,-76.52, 1.33, 82.51
522.2154,location,-76.52, 1.33, 82.51
522.5698,shoot,-76.52, 1.33, 82.51
523.216,location,-76.52, 1.33, 82.51
524.2166,location,-76.52, 1.33, 82.51
524.8559,shoot,-76.52, 1.33, 82.51
525.16,pole sphere activated,-76.52, 1.33, 82.51
525.2172,location,-76.52, 1.33, 82.51
526.2174,location,-76.52, 1.33, 82.51
527.2176,location,-76.67, 1.33, 82.13
527.4955,jump,-77.18, 1.33, 80.83
528.2182,location,-77.40, 4.66, 78.76
529.2188,location,-77.36, 2.05, 77.96
530.2194,location,-77.36, 2.05, 77.96
531.22,location,-77.36, 2.05, 77.96
532.2206,location,-77.36, 2.05, 77.96
533.2212,location,-77.36, 2.05, 77.96
533.3602,shoot,-77.36, 2.05, 77.96
534.2218,location,-77.36, 2.05, 77.96
535.2224,location,-77.36, 2.05, 77.96
536.1257,shoot,-77.36, 2.05, 77.96
536.223,location,-77.36, 2.05, 77.96
536.7,pole sphere activated,-77.36, 2.05, 77.96
537.16,diamond,-77.36, 5.57, 77.96
537.2,diamond,-77.36, 5.89, 77.96
537.2,diamond,-77.36, 5.89, 77.96
537.2236,location,-77.36, 6.05, 77.96
537.26,diamond,-77.36, 6.37, 77.96
537.28,diamond,-77.36, 6.53, 77.96
537.3,diamond,-77.36, 6.69, 77.96
537.32,diamond,-77.36, 6.85, 77.96
537.36,diamond,-77.36, 7.17, 77.96
537.38,diamond,-77.36, 7.33, 77.96
537.42,diamond,-77.36, 7.65, 77.96
537.42,diamond,-77.36, 7.65, 77.96
537.48,diamond,-77.36, 8.13, 77.96
537.64,blue key,-77.36, 9.41, 77.96
538.2242,location,-77.36, 6.21, 77.96
539.2249,location,-74.89, 4.99, 77.56
540.2255,location,-74.20, 1.33, 80.91
541.2,diamond,-73.45, 1.33, 85.69
541.2261,location,-73.50, 1.33, 85.77
541.6,diamond,-75.28, 1.33, 86.01
542.12,diamond,-77.88, 1.33, 85.98
542.2267,location,-78.38, 1.33, 86.01
542.62,diamond,-80.36, 1.33, 86.27
543.2272,location,-81.75, 1.33, 86.43
544.2278,location,-77.70, 1.33, 85.96
545.2285,location,-74.35, 1.33, 85.11
546.2291,location,-70.73, 1.33, 86.20
547.2297,location,-72.16, 1.35, 90.62
547.2714,shoot,-72.30, 1.35, 90.76
548.2303,location,-75.36, 1.35, 94.41
548.86,lock unlockedblueKey,-77.97, 1.35, 96.27
549.2309,location,-78.80, 1.35, 96.83
550.2315,location,-78.85, 1.35, 97.42
551.232,location,-81.80, 1.40, 97.91
552.2389,location,-81.80, 1.40, 97.91
553.2458,location,-81.80, 1.40, 97.91
554.2527,location,-81.80, 1.40, 97.91
555.2596,location,-81.80, 1.40, 97.91
556.2665,location,-81.80, 1.40, 97.91
557.2734,location,-81.80, 1.40, 97.91
558.2803,location,-81.80, 1.40, 97.91
559.2872,location,-81.80, 1.40, 97.91
560.2941,location,-81.80, 1.40, 97.91
561.301,location,-81.80, 1.40, 97.91
562.3079,location,-81.80, 1.40, 97.91
563.3148,location,-81.80, 1.40, 97.91
564.3153,location,-79.75, 1.40, 97.71
564.6349,shoot,-78.61, 1.35, 98.23
565.3159,location,-76.01, 1.35, 96.38
565.6772,shoot,-74.95, 1.35, 95.00
566.3165,location,-72.83, 1.35, 92.64
566.8377,shoot,-71.26, 1.35, 90.57
567.3171,location,-70.44, 1.35, 88.39
567.9981,shoot,-72.49, 1.33, 86.28
568.3177,location,-74.07, 1.33, 86.28
569.1099,shoot,-78.05, 1.33, 86.14
569.3184,location,-79.04, 1.33, 86.27
569.902,jump,-82.03, 1.33, 86.58
570.319,location,-84.01, 4.06, 86.44
570.92,diamond,-84.71, 3.55, 86.42
571.3196,location,-83.72, 1.33, 85.67
572.3201,location,-79.95, 1.33, 83.93
572.5078,shoot,-79.06, 1.33, 84.03
573.3207,location,-75.13, 1.33, 85.15
573.8558,shoot,-72.74, 1.33, 85.91
574.3214,location,-70.76, 1.33, 87.23
575.322,location,-73.19, 1.35, 90.88
575.3497,shoot,-73.22, 1.35, 90.97
576.3226,location,-76.12, 1.35, 94.44
576.7881,shoot,-77.28, 1.35, 96.43
577.3232,location,-79.87, 1.40, 96.77
577.9555,shoot,-82.64, 1.40, 97.62
578.3238,location,-84.53, 1.38, 97.72
579.1506,shoot,-88.63, 1.24, 97.90
579.3244,location,-89.53, 1.24, 97.91
579.94,game end,-92.63, 1.07, 97.92
579.94,ankieta PO_średnia_niski_wystarczająca ilość_średni_średni_nie_nie,-92.63, 1.07, 97.92
579.94,Brak muzyki ,-92.63, 1.07, 97.92
