czas,bzdura,x,y,z
6.515504,ankieta PRZED_średni_średnia ilość informacji,0.00, 2.95, 0.00
7.851359,False,0.00, 2.95, 0.00
7.851359,location,0.00, 2.95, 0.00
8.853141,location,-0.10, 2.17, 2.80
9.08,diamond,-0.09, 2.17, 4.00
9.66,diamond,0.04, 2.17, 6.87
9.85501,location,-0.14, 2.17, 7.75
10.32,diamond,-0.20, 2.17, 10.13
10.85686,location,0.16, 2.17, 12.70
11.02,diamond,0.29, 2.17, 13.60
11.7,diamond,-0.17, 1.92, 16.91
11.85874,location,-0.18, 1.81, 17.61
12.86056,location,-0.53, 1.50, 18.83
13.86244,location,-0.49, 1.34, 19.13
13.97929,jump,-0.47, 1.03, 19.63
14.12,diamond,-0.44, 2.44, 20.43
14.34,diamond,-0.40, 3.74, 21.53
14.76,diamond,-0.30, 4.24, 23.63
14.86428,location,-0.25, 3.96, 24.12
15.2,diamond,-0.05, 1.91, 25.81
15.72,diamond,0.24, 1.32, 28.39
15.86611,location,0.20, 1.32, 29.09
16.32,diamond,0.03, 1.32, 31.39
16.86798,location,0.24, 1.32, 34.04
17.04,diamond,0.36, 1.32, 34.93
17.72,diamond,0.32, 1.32, 38.32
17.86982,location,0.24, 1.32, 39.02
18.38,diamond,-0.12, 1.32, 41.58
18.87171,location,-2.38, 1.32, 42.30
19.78,normal button enter,-6.72, 1.32, 41.06
19.87359,location,-7.08, 1.32, 40.88
19.94,diamond,-7.44, 1.32, 40.69
20.34111,jump,-8.29, 1.32, 40.18
20.42,diamond,-8.29, 2.05, 40.18
20.56,diamond,-8.29, 3.10, 40.18
20.87531,location,-7.72, 4.35, 40.28
21.87725,location,-4.24, 1.32, 37.76
22.68,diamond,-3.59, 1.32, 33.74
22.7,diamond,-3.59, 1.32, 33.64
22.78,diamond,-3.58, 1.32, 33.24
22.8791,location,-3.30, 1.32, 32.96
22.9,diamond,-3.17, 1.32, 32.81
23,diamond,-3.27, 1.32, 32.43
23.19641,jump,-3.66, 1.32, 32.36
23.88,diamond,-6.01, 4.62, 31.81
23.88091,location,-6.01, 4.62, 31.81
23.9,diamond,-6.07, 4.61, 31.72
23.92,diamond,-6.12, 4.59, 31.64
23.94,diamond,-6.16, 4.56, 31.55
24.1,diamond,-6.34, 4.14, 30.77
24.14,diamond,-6.38, 3.98, 30.57
24.36,diamond,-7.18, 4.24, 30.38
24.4,diamond,-7.36, 4.32, 30.46
24.46,diamond,-7.64, 4.46, 30.59
24.48,diamond,-7.73, 4.50, 30.63
24.8827,location,-8.42, 4.89, 29.80
25.88462,location,-8.30, 0.19, 25.13
26.08,diamond,-8.25, -1.81, 24.15
26.72,diamond,-7.37, -2.68, 21.09
26.8864,location,-7.34, -2.68, 20.30
27.46,diamond,-7.41, -2.68, 17.40
27.88832,location,-7.48, -2.68, 15.49
28.89017,location,-6.16, -2.68, 16.27
29.89201,location,-1.85, -2.68, 15.76
30.04,diamond,-1.13, -2.68, 16.04
30.04,diamond,-1.13, -2.68, 16.04
30.06,diamond,-1.08, -2.68, 16.13
30.12,diamond,-0.93, -2.68, 16.39
30.32,diamond,-0.22, -2.68, 16.90
30.32,diamond,-0.22, -2.68, 16.90
30.54,diamond,0.39, -2.68, 15.99
30.56,diamond,0.44, -2.68, 15.91
30.72,diamond,0.73, -2.68, 15.18
30.89383,location,0.69, -2.68, 14.38
30.94,diamond,0.67, -2.68, 14.08
30.94,diamond,0.67, -2.68, 14.08
31.1,diamond,0.62, -2.68, 13.28
31.1,diamond,0.62, -2.68, 13.28
31.14,diamond,0.60, -2.68, 13.08
31.32,diamond,0.31, -2.68, 12.25
31.34,diamond,0.33, -2.68, 12.15
31.38,diamond,0.35, -2.68, 11.95
31.38,diamond,0.35, -2.68, 11.95
31.46,diamond,0.34, -2.68, 11.55
31.89577,location,-0.50, -2.68, 12.77
32.18,diamond,-1.14, -2.68, 14.13
32.89756,location,-3.73, -2.68, 16.18
33.89937,location,-3.96, -2.68, 21.08
34.90125,location,-0.38, -2.68, 23.15
34.92,diamond,-0.29, -2.68, 23.20
35.62,diamond,3.03, -2.68, 23.55
35.90298,location,4.37, -2.68, 23.96
36.36,diamond,6.59, -2.68, 24.47
36.90495,location,7.70, -2.68, 22.50
37.16,diamond,7.84, -2.68, 21.21
37.90671,location,7.75, -2.68, 17.51
37.92,diamond,7.74, -2.68, 17.41
38.72,diamond,8.17, -2.68, 13.65
38.90857,location,7.67, -2.68, 12.92
39.04205,jump,7.00, -2.68, 12.76
39.91045,location,2.79, 0.15, 12.38
40.07742,jump,2.79, -0.18, 12.12
40.91226,location,1.07, 2.92, 12.55
41.9141,location,1.35, 2.08, 17.54
42.91594,location,2.94, -2.68, 22.12
43.41695,jump,1.98, -2.68, 21.72
43.91787,location,1.34, 0.72, 20.07
44.73605,jump,1.32, 0.60, 20.19
44.91969,location,1.76, 2.15, 20.97
45.9215,location,2.68, 1.76, 25.94
46.92337,location,6.31, 1.32, 28.93
47.26,normal button enter,7.27, 1.32, 30.32
47.42,diamond,7.71, 1.32, 31.00
47.70809,jump,8.07, 1.32, 32.31
47.82,diamond,7.90, 2.39, 32.88
47.92519,location,7.59, 3.12, 33.27
48.92706,location,2.97, 2.16, 35.10
49.92892,location,-1.80, 1.32, 36.61
50.93079,location,-6.17, 1.32, 38.90
51.93265,location,-2.93, 1.32, 41.72
52.93444,location,-0.53, 1.31, 46.10
53.93632,location,-0.14, 1.32, 48.46
54.93813,location,0.55, 1.32, 47.84
55.94003,location,3.51, 1.32, 48.42
56.94189,location,5.51, 1.32, 51.51
57.94366,location,8.13, 1.32, 54.93
58.94557,location,11.18, 1.32, 56.07
59.94729,location,14.87, 1.32, 57.24
60.94923,location,13.64, 1.32, 53.65
61.95102,location,16.79, 1.32, 53.25
62.95291,location,17.16, 1.32, 49.55
63.88,red key,16.80, 1.32, 45.37
63.95479,location,16.97, 1.32, 45.28
64.95663,location,17.08, 1.32, 42.96
65.77482,jump,16.04, 1.32, 43.83
65.95843,location,15.16, 2.87, 43.97
66.96032,location,14.64, 2.45, 43.33
67.96217,location,14.58, 1.32, 44.05
68.96405,location,17.37, 1.32, 43.20
69.96571,location,16.61, 1.32, 46.59
70.96768,location,14.27, 1.32, 50.91
71.96955,location,11.83, 1.32, 54.76
72.97144,location,6.94, 1.32, 55.13
73.97318,location,2.44, 1.32, 53.57
74.34,diamond,0.94, 1.32, 52.40
74.97493,location,-0.64, 1.32, 53.90
75.1,diamond,-0.40, 1.32, 54.43
75.68,diamond,-2.68, 1.32, 56.13
75.97691,location,-4.06, 1.32, 56.37
76.25999,diamond,-5.56, 1.32, 56.43
76.86,diamond,-8.55, 1.32, 56.25
76.97875,location,-9.05, 1.32, 56.22
77.58,diamond,-12.14, 1.32, 56.30
77.98057,location,-13.89, 1.32, 55.71
78.36,diamond,-14.74, 1.32, 54.03
78.38,diamond,-14.79, 1.32, 53.94
78.54,diamond,-15.16, 1.32, 53.23
78.64,diamond,-15.32, 1.32, 52.76
78.66,diamond,-15.34, 1.32, 52.66
78.9,diamond,-15.46, 1.32, 51.47
78.98238,location,-15.50, 1.32, 51.07
79.16,diamond,-15.58, 1.32, 50.17
79.18,diamond,-15.59, 1.32, 50.07
79.34,diamond,-15.67, 1.32, 49.28
79.34,diamond,-15.67, 1.32, 49.28
79.36,diamond,-15.68, 1.32, 49.18
79.56,diamond,-15.72, 1.32, 48.18
79.58,diamond,-15.70, 1.32, 48.08
79.98424,location,-15.40, 1.32, 46.11
80,diamond,-15.39, 1.32, 46.01
80,diamond,-15.39, 1.32, 46.01
80.16,diamond,-15.36, 1.32, 45.21
80.28,diamond,-15.56, 1.32, 44.66
80.3,diamond,-15.63, 1.32, 44.58
80.32,diamond,-15.70, 1.32, 44.51
80.32,diamond,-15.70, 1.32, 44.51
80.38,diamond,-15.93, 1.32, 44.33
80.4,diamond,-16.02, 1.32, 44.27
80.92,diamond,-18.46, 1.29, 43.56
80.93999,diamond,-18.56, 1.29, 43.57
80.98611,location,-18.76, 1.29, 43.57
81.08,diamond,-19.26, 1.29, 43.59
81.1,diamond,-19.36, 1.29, 43.59
81.12,diamond,-19.46, 1.29, 43.59
81.3,diamond,-20.36, 1.29, 43.61
81.32,diamond,-20.46, 1.29, 43.62
81.66,diamond,-22.13, 1.32, 43.84
81.68,diamond,-22.22, 1.32, 43.87
81.78,diamond,-22.70, 1.32, 44.03
81.8,diamond,-22.79, 1.32, 44.06
81.82,diamond,-22.89, 1.32, 44.09
81.988,location,-23.64, 1.32, 44.36
82,diamond,-23.72, 1.32, 44.41
82.02,diamond,-23.80, 1.32, 44.48
82.02,diamond,-23.80, 1.32, 44.48
82.4,diamond,-24.35, 1.32, 46.28
82.42,diamond,-24.36, 1.32, 46.38
82.62,diamond,-24.46, 1.32, 47.38
82.62,diamond,-24.46, 1.32, 47.38
82.64,diamond,-24.47, 1.32, 47.48
82.82,diamond,-24.54, 1.32, 48.37
82.84,diamond,-24.53, 1.32, 48.47
82.98985,location,-24.42, 1.32, 49.16
83.18,diamond,-24.25, 1.32, 50.15
83.2,diamond,-24.24, 1.32, 50.25
83.32,diamond,-24.19, 1.32, 50.85
83.36,diamond,-24.18, 1.32, 51.05
83.36,diamond,-24.18, 1.32, 51.05
83.5,diamond,-24.12, 1.32, 51.74
83.5,diamond,-24.12, 1.32, 51.74
83.58,diamond,-24.10, 1.32, 52.14
83.6,diamond,-24.11, 1.32, 52.24
83.99167,location,-24.95, 1.32, 53.92
84.14,lock unlockedredKey,-25.29, 1.32, 54.58
84.99361,location,-25.46, 1.32, 55.39
85.9954,location,-25.46, 1.32, 55.39
86.99713,location,-29.21, 1.32, 56.19
87.2,hold button enter,-30.29, 1.32, 56.00
87.99908,location,-30.39, 1.32, 55.99
88.92,diamond,-30.99, 1.32, 56.05
89.00095,location,-31.39, 1.32, 56.06
89.5,hold button leave,-33.89, 1.32, 56.08
89.60188,jump,-34.39, 1.29, 56.08
89.74,diamond,-35.08, 2.51, 56.17
89.9,diamond,-35.87, 3.54, 56.30
90.00277,location,-36.37, 3.99, 56.37
90.24,diamond,-37.55, 4.45, 56.55
90.6,gun,-39.34, 4.20, 56.55
90.8,diamond,-40.34, 4.80, 56.53
91.00458,location,-40.54, 5.40, 56.53
91.16,diamond,-40.54, 5.90, 56.53
92.00629,location,-42.76, 1.29, 58.77
92.17344,shoot,-43.25, 1.29, 59.41
92.48,pole sphere activated,-44.38, 1.29, 60.53
93.00826,location,-45.07, 1.29, 62.09
94.01006,location,-40.21, 1.32, 62.66
94.21047,shoot,-39.23, 1.32, 62.84
94.52,pole sphere activated,-37.65, 1.32, 63.10
95.01189,location,-35.91, 1.29, 61.66
96.01378,location,-32.85, 1.32, 59.15
96.42,hold button enter,-33.39, 1.32, 57.15
96.51468,jump,-33.41, 1.32, 56.75
96.56,diamond,-33.43, 1.89, 56.45
96.57999,hold button leave,-33.43, 2.07, 56.35
97.0156,location,-33.62, 4.41, 54.26
98.01745,location,-30.72, 1.32, 52.76
98.43999,hold button enter,-31.83, 1.32, 54.60
99.01919,location,-31.31, 1.32, 56.06
99.25999,hold button leave,-30.13, 1.32, 55.52
100.0212,location,-26.51, 1.32, 55.85
101.023,location,-22.32, 1.32, 53.52
101.26,diamond,-21.18, 1.29, 53.16
101.28,diamond,-21.09, 1.29, 53.14
101.38,diamond,-20.59, 1.29, 53.07
101.56,diamond,-19.70, 1.29, 52.99
101.6,diamond,-19.50, 1.29, 52.97
101.98,diamond,-17.67, 1.32, 53.01
102,diamond,-17.60, 1.32, 53.08
102.0249,location,-17.52, 1.32, 53.14
103.0266,location,-16.25, 1.32, 52.89
103.52,diamond,-16.22, 1.32, 52.60
104.0285,location,-16.49, 1.32, 50.12
104.22,diamond,-17.00, 1.32, 49.27
104.22,diamond,-17.00, 1.32, 49.27
104.88,diamond,-18.55, 1.29, 46.80
105.0304,location,-19.12, 1.29, 46.40
105.12,diamond,-19.51, 1.29, 46.08
105.14,diamond,-19.58, 1.29, 46.02
106.0322,location,-23.35, 1.32, 43.90
106.08,diamond,-23.64, 1.32, 43.83
107.034,location,-24.14, 1.32, 43.81
107.84,diamond,-21.53, 1.29, 46.75
107.88,diamond,-21.64, 1.29, 46.92
108.0358,location,-22.28, 1.32, 47.00
108.14,diamond,-22.77, 1.32, 47.34
108.16,diamond,-22.85, 1.32, 47.41
108.9,diamond,-21.64, 1.29, 48.40
108.92,diamond,-21.54, 1.29, 48.42
108.98,diamond,-21.24, 1.29, 48.39
109.0378,location,-21.05, 1.29, 48.35
109.22,diamond,-20.28, 1.29, 47.82
110,diamond,-19.12, 1.29, 48.08
110.02,diamond,-19.17, 1.29, 48.17
110.0396,location,-19.17, 1.29, 48.17
110.42,diamond,-19.94, 1.29, 49.99
110.44,diamond,-20.00, 1.29, 50.08
110.68,diamond,-20.68, 1.29, 51.06
110.7,diamond,-20.74, 1.29, 51.14
111.0415,location,-21.79, 1.29, 52.46
112.0433,location,-25.75, 1.32, 55.16
113.0451,location,-30.08, 1.32, 57.00
113.4792,shoot,-31.47, 1.32, 58.56
114.0471,location,-33.59, 1.32, 60.54
115.0489,location,-37.25, 1.32, 63.95
115.68,diamond,-38.87, 1.32, 66.61
115.8,diamond,-39.00, 1.32, 67.19
115.92,diamond,-39.13, 1.32, 67.78
116.04,diamond,-39.26, 1.32, 68.36
116.0507,location,-39.26, 1.32, 68.36
116.2,diamond,-39.44, 1.32, 69.15
116.34,diamond,-39.57, 1.32, 69.83
116.46,diamond,-39.60, 1.32, 70.43
116.62,diamond,-39.59, 1.32, 71.23
116.76,diamond,-39.57, 1.32, 71.93
116.92,diamond,-39.54, 1.32, 72.73
117.0525,location,-39.52, 1.32, 73.33
117.06,diamond,-39.51, 1.32, 73.43
117.2,diamond,-39.49, 1.32, 74.13
117.36,diamond,-39.46, 1.32, 74.93
117.52,diamond,-39.43, 1.32, 75.73
117.66,diamond,-39.41, 1.32, 76.43
117.8,diamond,-39.39, 1.32, 77.13
117.96,diamond,-39.36, 1.32, 77.93
118.0545,location,-39.34, 1.32, 78.33
118.12,diamond,-39.33, 1.32, 78.73
118.26,diamond,-39.32, 1.32, 79.43
118.4,diamond,-39.39, 1.32, 80.12
118.54,diamond,-39.46, 1.32, 80.82
118.7,diamond,-39.54, 1.32, 81.62
118.82,diamond,-39.60, 1.32, 82.21
118.98,diamond,-39.68, 1.32, 83.01
119.0563,location,-39.71, 1.32, 83.31
120.0582,location,-39.95, 1.32, 88.30
121.06,location,-41.00, 1.33, 90.33
122.0618,location,-43.64, 1.33, 92.06
123.0637,location,-45.98, 1.33, 96.17
124.0655,location,-46.37, 1.33, 98.74
125.0674,location,-45.71, 1.33, 95.24
126.0693,location,-41.70, 1.33, 92.54
127.0711,location,-40.11, 1.33, 96.83
127.08,diamond,-40.10, 1.33, 96.93
127.1,diamond,-40.10, 1.33, 97.03
127.12,diamond,-40.09, 1.33, 97.13
127.14,diamond,-40.09, 1.33, 97.23
127.18,diamond,-40.07, 1.33, 97.43
127.2,diamond,-40.07, 1.33, 97.53
127.24,diamond,-40.06, 1.33, 97.63
127.74,diamond,-40.05, 1.33, 97.83
127.76,diamond,-40.05, 1.33, 97.93
127.78,diamond,-40.04, 1.33, 98.03
127.82,diamond,-40.03, 1.33, 98.23
127.82,diamond,-40.03, 1.33, 98.23
128.0729,location,-39.73, 1.33, 99.00
129.0749,location,-39.60, 1.33, 98.31
130.0768,location,-39.60, 1.33, 98.31
131.0785,location,-39.60, 1.33, 98.31
132.0804,location,-39.60, 1.33, 98.31
133.0823,location,-39.60, 1.33, 98.31
134.084,location,-39.60, 1.33, 98.31
135.0859,location,-39.60, 1.33, 98.31
136.0878,location,-39.60, 1.33, 98.31
137.0897,location,-39.60, 1.33, 98.31
138.0916,location,-39.60, 1.33, 98.31
139.0934,location,-39.60, 1.33, 98.31
140.0953,location,-39.60, 1.33, 98.31
141.0971,location,-39.60, 1.33, 98.31
142.099,location,-39.60, 1.33, 98.31
143.1008,location,-39.60, 1.33, 98.31
144.1027,location,-39.60, 1.33, 98.31
145.1046,location,-39.60, 1.33, 98.31
146.1063,location,-39.60, 1.33, 98.31
147.1081,location,-39.91, 1.33, 95.13
147.8,diamond,-40.56, 1.33, 91.77
147.8,diamond,-40.56, 1.33, 91.77
147.94,diamond,-41.20, 1.33, 91.48
148.1,diamond,-41.96, 1.33, 91.61
148.1101,location,-41.96, 1.33, 91.61
148.38,diamond,-43.01, 1.33, 92.54
148.54,diamond,-43.59, 1.33, 93.09
148.76,diamond,-44.39, 1.33, 93.84
148.9,diamond,-44.89, 1.33, 94.33
149.1,diamond,-45.58, 1.33, 95.06
149.1119,location,-45.58, 1.33, 95.06
149.28,diamond,-46.11, 1.33, 95.78
149.5,diamond,-46.41, 1.33, 96.84
149.72,diamond,-46.47, 1.33, 97.93
149.94,diamond,-46.29, 1.33, 99.02
150.1138,location,-46.13, 1.33, 99.80
150.14,diamond,-46.06, 1.33, 99.98
150.36,diamond,-45.48, 1.33, 100.91
150.56,diamond,-44.81, 1.33, 101.66
150.78,diamond,-44.06, 1.33, 102.46
150.92,diamond,-43.57, 1.33, 102.96
151.1156,location,-42.85, 1.33, 103.50
151.12,diamond,-42.77, 1.33, 103.56
151.26,diamond,-42.19, 1.33, 103.96
151.48,diamond,-41.17, 1.33, 104.35
151.64,diamond,-40.38, 1.33, 104.37
151.88,diamond,-39.18, 1.33, 104.27
152.06,diamond,-38.29, 1.33, 104.18
152.1176,location,-38.09, 1.33, 104.13
152.3,diamond,-37.17, 1.33, 103.75
152.46,diamond,-36.49, 1.33, 103.34
152.7,diamond,-35.76, 1.33, 102.38
152.86,diamond,-35.28, 1.33, 101.74
153.08,diamond,-34.60, 1.33, 100.88
153.1193,location,-34.54, 1.33, 100.80
153.36,diamond,-33.78, 1.33, 99.74
153.58,diamond,-33.34, 1.33, 98.74
153.82,diamond,-33.10, 1.33, 97.58
154.06,diamond,-33.28, 1.33, 96.39
154.1212,location,-33.33, 1.33, 96.10
154.28,diamond,-33.48, 1.33, 95.31
154.52,diamond,-34.20, 1.33, 94.36
154.7,diamond,-34.87, 1.33, 93.76
154.94,diamond,-35.75, 1.33, 92.95
155.06,diamond,-36.09, 1.33, 92.46
155.1231,location,-36.26, 1.33, 92.21
155.3,diamond,-36.88, 1.33, 91.62
155.52,diamond,-37.93, 1.33, 91.38
156.125,location,-40.74, 1.33, 91.89
157.1268,location,-44.91, 1.33, 94.64
158.1287,location,-48.77, 1.33, 97.00
159.1305,location,-53.69, 1.35, 97.87
160.1324,location,-58.67, 1.35, 98.21
161.1343,location,-62.56, 1.35, 100.79
162.1361,location,-65.62, 1.35, 104.73
162.74,lock unlockedredKey,-67.89, 1.35, 106.64
163.1379,location,-68.43, 1.35, 107.09
164.1398,location,-68.64, 1.50, 107.33
164.2901,jump,-68.76, 1.35, 108.12
165.1417,location,-68.77, 5.42, 111.89
165.6259,jump,-68.28, 5.26, 112.41
166.12,diamond,-66.01, 8.28, 113.21
166.1436,location,-66.01, 8.33, 113.21
166.7,diamond,-66.01, 7.11, 113.21
166.82,diamond,-66.01, 6.24, 113.21
166.92,diamond,-66.05, 5.35, 113.40
167.1454,location,-65.94, 5.35, 114.05
167.4961,jump,-66.82, 5.35, 114.23
168.1472,location,-69.90, 8.66, 115.18
169.0823,jump,-71.17, 5.28, 115.01
169.1491,location,-71.17, 5.83, 115.01
169.82,diamond,-72.72, 8.38, 117.57
169.84,diamond,-72.77, 8.35, 117.66
169.96,diamond,-73.07, 8.05, 118.18
170.14,diamond,-73.12, 7.19, 118.26
170.1509,location,-73.12, 7.19, 118.26
170.4348,jump,-73.12, 6.50, 118.26
170.96,diamond,-73.23, 9.68, 120.46
170.98,diamond,-73.24, 9.72, 120.56
171.04,diamond,-73.25, 9.78, 120.86
171.1528,location,-73.27, 9.77, 121.36
171.4,diamond,-73.28, 9.04, 121.46
171.637,jump,-73.28, 8.18, 121.46
172.1547,location,-73.40, 11.34, 122.43
172.24,diamond,-73.74, 11.49, 122.79
172.24,diamond,-73.74, 11.49, 122.79
172.38,diamond,-73.88, 11.43, 123.45
172.38,diamond,-73.88, 11.43, 123.45
172.9228,jump,-73.47, 10.59, 123.61
173.08,diamond,-72.67, 11.96, 123.59
173.1,diamond,-72.57, 12.10, 123.59
173.1,diamond,-72.57, 12.10, 123.59
173.1565,location,-72.37, 12.37, 123.58
173.52,diamond,-70.47, 13.75, 123.55
173.96,diamond,-68.27, 12.64, 123.51
173.98,diamond,-68.17, 12.52, 123.51
174.04,diamond,-67.87, 12.13, 123.51
174.14,diamond,-67.37, 11.35, 123.53
174.1584,location,-67.37, 11.35, 123.53
174.42,diamond,-65.97, 10.59, 123.61
174.42,diamond,-65.97, 10.59, 123.61
174.5,diamond,-65.57, 10.59, 123.63
175.1602,location,-64.38, 10.59, 123.69
175.2438,jump,-64.38, 10.59, 123.69
175.36,diamond,-64.38, 11.66, 123.69
176.1621,location,-67.49, 13.24, 123.86
176.38,diamond,-68.55, 11.99, 124.12
176.42,diamond,-68.75, 11.69, 124.15
176.48,diamond,-69.03, 11.19, 124.12
176.82,diamond,-70.56, 10.58, 123.77
177.1638,location,-71.07, 10.49, 123.40
177.6482,jump,-69.75, 10.47, 124.28
178.1658,location,-69.37, 13.56, 126.85
178.7,green key,-69.59, 12.47, 129.37
179.1677,location,-67.82, 11.27, 130.01
179.98,diamond,-66.53, 3.04, 127.57
180.12,diamond,-66.23, 1.64, 126.95
180.1695,location,-66.12, 1.35, 126.79
180.9,diamond,-65.09, 1.35, 128.87
181.1714,location,-65.92, 1.35, 129.83
181.38,diamond,-66.95, 1.35, 130.12
181.72,diamond,-68.60, 1.35, 129.69
182.12,diamond,-70.58, 1.35, 129.49
182.1733,location,-70.78, 1.35, 129.48
182.52,diamond,-72.57, 1.35, 129.36
182.96,diamond,-73.55, 1.35, 128.69
183.1751,location,-73.46, 1.35, 127.70
183.22,diamond,-73.39, 1.35, 127.41
184.1771,location,-72.00, 1.35, 122.97
185.1787,location,-69.53, 1.35, 118.63
185.36,diamond,-69.38, 1.35, 117.65
185.42,diamond,-69.33, 1.35, 117.35
185.64,diamond,-69.18, 1.35, 116.26
185.72,diamond,-69.25, 1.35, 115.87
185.92,diamond,-69.58, 1.35, 114.93
186.02,diamond,-69.75, 1.35, 114.45
186.1806,location,-70.05, 1.35, 113.71
186.22,diamond,-70.14, 1.35, 113.53
187.14,diamond,-72.63, 1.35, 110.80
187.1825,location,-72.83, 1.35, 110.81
187.88,diamond,-76.29, 1.35, 110.71
188.1844,location,-76.96, 1.35, 111.77
188.2344,jump,-76.97, 1.35, 111.97
188.34,diamond,-76.99, 2.43, 112.57
188.76,diamond,-77.01, 4.53, 112.97
189.1862,location,-76.97, 3.98, 113.97
189.36,diamond,-76.96, 2.93, 114.17
189.8874,jump,-77.15, 1.35, 115.86
190.02,diamond,-77.23, 2.58, 116.56
190.1881,location,-77.25, 3.63, 117.35
191.06,diamond,-76.83, 2.51, 116.99
191.1899,location,-76.54, 1.45, 116.83
192.1918,location,-73.49, 1.35, 119.89
193.1936,location,-68.54, 1.35, 119.35
193.72,diamond,-65.90, 1.35, 118.88
194.1955,location,-63.82, 1.35, 119.12
194.52,diamond,-62.14, 1.35, 118.95
195.1973,location,-61.09, 1.35, 116.02
195.38,diamond,-61.29, 1.35, 115.04
196.1992,location,-61.90, 1.35, 111.55
196.28,diamond,-61.98, 1.35, 111.06
196.84,diamond,-64.42, 1.35, 110.33
197.2011,location,-66.07, 1.35, 110.35
198.2029,location,-68.27, 1.35, 111.99
199.2048,location,-67.62, 1.35, 110.65
200.2066,location,-68.87, 1.35, 106.25
201.2085,location,-68.49, 1.35, 101.30
202.2103,location,-69.22, 1.35, 96.35
203.1789,jump,-66.86, 1.35, 94.48
203.2122,location,-66.69, 1.74, 94.37
204.2141,location,-62.75, 3.64, 91.52
205.2159,location,-64.01, 7.36, 89.47
205.984,jump,-64.23, 1.35, 88.33
206.2178,location,-63.74, 3.14, 88.38
207.0026,jump,-61.74, 8.77, 88.53
207.2196,location,-62.35, 10.48, 87.87
207.8,diamond,-64.53, 10.90, 86.11
208,diamond,-65.20, 10.15, 85.73
208.2215,location,-65.28, 9.33, 84.64
208.34,diamond,-65.44, 9.33, 84.06
208.66,diamond,-65.88, 9.33, 82.52
209,diamond,-66.18, 9.33, 80.85
209.2234,location,-66.30, 9.33, 79.76
209.32,diamond,-66.21, 9.33, 79.30
209.66,diamond,-65.96, 9.33, 77.74
209.94,diamond,-65.92, 9.33, 76.34
210.2253,location,-65.82, 9.33, 74.95
210.3,diamond,-65.79, 9.33, 74.55
210.68,diamond,-65.65, 9.33, 72.65
211.2,lock unlockedgreenKey,-65.50, 9.33, 70.06
211.227,location,-65.50, 9.33, 69.96
212.2289,location,-65.56, 9.33, 69.46
213.2308,location,-64.16, 9.33, 67.37
214.2326,location,-64.16, 9.33, 67.37
215.2344,location,-64.16, 9.33, 67.37
215.76,diamond,-63.17, 9.33, 67.12
215.8,diamond,-62.97, 9.33, 67.12
216.02,diamond,-62.00, 9.33, 67.07
216.2364,location,-61.94, 9.33, 66.99
216.26,diamond,-61.82, 9.33, 66.83
216.28,diamond,-61.76, 9.33, 66.75
216.42,diamond,-61.42, 9.33, 66.26
216.9,diamond,-61.23, 9.33, 66.06
217.2382,location,-60.71, 9.33, 65.27
217.58,diamond,-61.18, 9.33, 65.10
217.62,diamond,-61.37, 9.33, 65.04
218.2401,location,-63.81, 9.33, 64.59
218.72,diamond,-64.79, 9.33, 62.60
219.2419,location,-65.44, 9.33, 62.35
219.48,diamond,-66.62, 9.33, 62.12
220.02,diamond,-69.29, 9.34, 61.80
220.2438,location,-70.39, 9.34, 61.80
220.48,diamond,-71.59, 9.34, 61.81
220.86,diamond,-73.48, 9.34, 61.91
221.2457,location,-75.38, 9.34, 61.95
221.42,diamond,-76.28, 9.34, 61.95
221.86,diamond,-78.48, 9.34, 61.91
222.22,diamond,-80.27, 9.34, 61.74
222.2475,location,-80.37, 9.34, 61.73
222.88,yellow key,-83.56, 9.34, 61.42
223.2492,location,-84.43, 9.34, 61.24
224.2512,location,-80.14, 9.34, 62.04
225.253,location,-75.28, 9.34, 62.09
226.1047,shoot,-71.29, 9.34, 61.84
226.2549,location,-70.61, 9.34, 62.00
227.2567,location,-66.98, 9.33, 64.25
228.2586,location,-66.36, 9.33, 69.18
228.4257,shoot,-66.25, 9.33, 70.08
229.2605,location,-65.72, 9.33, 74.24
230.0286,shoot,-65.43, 9.33, 78.03
230.2623,location,-65.37, 9.33, 79.23
231.2643,location,-65.38, 9.33, 84.21
232.2661,location,-64.99, 9.33, 87.37
233.2679,location,-65.60, 7.62, 88.84
233.86,lock unlockedyellowKey,-67.68, 1.60, 88.27
234.2698,location,-68.34, 1.35, 88.23
235.2717,location,-69.14, 1.35, 88.64
236.06,diamond,-69.22, 1.33, 84.72
236.2735,location,-69.04, 1.33, 83.77
236.54,diamond,-68.67, 1.33, 82.52
237.06,diamond,-68.96, 1.33, 79.94
237.2753,location,-68.82, 1.33, 78.95
237.58,diamond,-68.68, 1.33, 77.36
238.1937,jump,-68.64, 1.33, 74.36
238.2,diamond,-68.64, 1.52, 74.26
238.2772,location,-68.63, 2.08, 73.96
239,diamond,-69.11, 4.43, 70.35
239.2791,location,-69.42, 3.50, 69.83
239.4293,jump,-69.42, 3.50, 69.83
240.281,location,-71.70, 6.45, 67.29
241.2827,location,-76.53, 5.33, 66.26
241.7836,shoot,-79.02, 5.33, 66.05
242.2847,location,-81.50, 5.33, 66.37
242.36,hold button enter,-81.89, 5.33, 66.42
242.5,pole sphere activated,-82.53, 5.33, 66.30
243.2865,location,-83.56, 5.33, 65.77
244.2883,location,-83.56, 5.33, 65.77
244.2883,shoot,-83.56, 5.33, 65.77
245.2903,location,-83.56, 5.33, 65.77
246.2921,location,-83.56, 5.33, 65.77
246.3922,shoot,-83.56, 5.33, 65.77
247.2939,location,-83.56, 5.33, 65.77
248.2958,location,-83.56, 5.33, 65.77
248.3959,shoot,-83.56, 5.33, 65.77
249.2976,location,-83.56, 5.33, 65.77
250.2995,location,-83.56, 5.33, 65.77
250.7838,shoot,-83.56, 5.33, 65.77
251.3014,location,-83.56, 5.33, 65.77
252.3032,location,-83.56, 5.33, 65.77
253.305,location,-83.56, 5.33, 65.77
253.5556,shoot,-83.56, 5.33, 65.77
254.22,pole sphere activated,-83.56, 5.33, 65.77
254.3069,location,-83.56, 5.33, 65.77
255.3088,location,-83.56, 5.33, 65.77
255.8,hold button leave,-81.93, 5.33, 66.85
256.3107,location,-79.60, 5.22, 67.73
256.58,diamond,-78.26, 3.69, 68.16
257.3125,location,-76.44, 2.18, 68.01
257.4961,jump,-76.44, 2.18, 68.01
257.62,diamond,-75.75, 3.42, 68.14
258.16,diamond,-73.38, 5.49, 69.09
258.3143,location,-72.69, 5.32, 69.18
258.46,diamond,-71.89, 4.75, 69.24
259.3161,location,-73.44, 3.47, 69.11
260.318,location,-78.20, 1.56, 68.40
260.52,diamond,-79.18, 1.33, 68.89
261.3032,shoot,-80.07, 1.33, 72.53
261.3199,location,-80.07, 1.33, 72.53
262.06,pole sphere activated,-80.83, 1.33, 76.26
262.3218,location,-81.10, 1.33, 77.53
263.3236,location,-78.83, 1.33, 81.28
263.524,jump,-77.90, 1.33, 81.65
263.7911,shoot,-76.88, 3.37, 82.07
264.3255,location,-76.88, 4.36, 82.07
265.3274,location,-74.71, 1.33, 82.83
265.4775,shoot,-74.71, 1.33, 82.83
266.3293,location,-74.71, 1.33, 82.83
266.6297,shoot,-74.71, 1.33, 82.83
267.3311,location,-73.13, 1.33, 83.45
267.7317,shoot,-73.13, 1.33, 83.45
268.3329,location,-73.13, 1.33, 83.45
269.3348,location,-73.13, 1.33, 83.45
269.3515,shoot,-73.13, 1.33, 83.45
269.7,pole sphere activated,-73.13, 1.33, 83.45
270.3366,location,-73.81, 1.33, 83.87
270.98,diamond,-73.88, 1.33, 85.54
271.28,diamond,-75.32, 1.33, 85.97
271.3385,location,-75.51, 1.33, 86.02
271.78,diamond,-77.73, 1.33, 86.55
272.3,diamond,-80.31, 1.33, 86.27
272.3404,location,-80.51, 1.33, 86.27
272.92,diamond,-83.40, 1.33, 86.23
273.3423,location,-83.55, 1.33, 85.43
274.344,location,-81.04, 1.33, 82.32
275.3459,location,-80.61, 1.33, 81.90
275.4793,jump,-80.22, 1.33, 81.44
276.1,diamond,-78.45, 4.67, 78.78
276.12,diamond,-78.41, 4.67, 78.69
276.14,diamond,-78.36, 4.67, 78.60
276.14,diamond,-78.36, 4.67, 78.60
276.16,diamond,-78.32, 4.98, 78.51
276.18,diamond,-78.27, 5.13, 78.42
276.26,diamond,-78.10, 5.73, 78.06
276.28,diamond,-78.06, 5.89, 77.97
276.28,diamond,-78.06, 5.89, 77.97
276.28,diamond,-78.06, 5.89, 77.97
276.32,diamond,-78.02, 6.21, 77.88
276.3477,location,-78.02, 6.37, 77.88
276.38,diamond,-78.02, 6.69, 77.88
276.38,diamond,-78.02, 6.69, 77.88
276.4,diamond,-78.02, 6.85, 77.88
276.44,diamond,-78.02, 7.17, 77.88
276.48,diamond,-78.02, 7.49, 77.88
276.5,diamond,-78.02, 7.65, 77.88
276.6,diamond,-78.02, 8.45, 77.88
276.76,blue key,-78.02, 9.41, 77.88
276.98,diamond,-77.82, 9.09, 77.65
277.02,diamond,-77.69, 8.77, 77.50
277.1,diamond,-77.50, 8.13, 77.27
277.2,diamond,-77.50, 7.33, 77.27
277.3,diamond,-77.50, 6.53, 77.27
277.3496,location,-77.50, 6.21, 77.27
277.4,diamond,-77.50, 5.73, 77.27
277.4,diamond,-77.50, 5.73, 77.27
277.44,diamond,-77.50, 5.41, 77.27
277.5,diamond,-77.50, 4.93, 77.27
277.5,diamond,-77.50, 4.93, 77.27
277.6,diamond,-77.50, 4.13, 77.27
277.62,diamond,-77.50, 3.97, 77.27
277.64,diamond,-77.50, 3.81, 77.27
277.64,diamond,-77.50, 3.81, 77.27
277.7,diamond,-77.50, 3.33, 77.27
277.72,diamond,-77.50, 3.17, 77.27
277.72,diamond,-77.50, 3.17, 77.27
277.74,diamond,-77.50, 3.01, 77.27
277.82,diamond,-77.50, 2.37, 77.27
277.82,diamond,-77.50, 2.37, 77.27
277.84,diamond,-77.50, 2.21, 77.27
277.84,diamond,-77.50, 2.21, 77.27
278.3515,location,-76.58, 5.73, 79.27
279.3533,location,-73.17, 1.33, 82.89
280.3552,location,-69.99, 1.33, 86.57
281.2735,shoot,-67.27, 1.35, 89.27
281.357,location,-66.94, 1.35, 89.50
282.3589,location,-66.07, 1.35, 94.29
283.3607,location,-70.04, 1.35, 97.32
284.3626,location,-73.33, 1.35, 97.17
285.3644,location,-69.22, 1.35, 94.52
286.3663,location,-67.14, 1.35, 93.54
287.2011,jump,-65.12, 1.35, 92.46
287.3682,location,-64.45, 2.71, 92.02
288.3699,location,-60.72, 7.37, 90.45
289.3719,location,-58.34, 2.30, 91.52
290.1901,jump,-58.90, 1.35, 90.63
290.3737,location,-58.90, 2.89, 90.63
291.3756,location,-61.22, 2.33, 89.70
292.3775,location,-61.22, 6.81, 89.70
292.7114,jump,-60.31, 8.91, 90.48
293.3792,location,-57.36, 12.24, 91.85
293.78,diamond,-57.39, 10.91, 92.04
293.92,diamond,-57.53, 10.08, 92.52
294.38,diamond,-58.76, 10.07, 94.09
294.381,location,-58.76, 10.07, 94.09
294.74,diamond,-59.34, 10.25, 95.77
295.02,diamond,-59.36, 10.15, 97.17
295.36,diamond,-59.09, 10.05, 98.85
295.3831,location,-59.08, 10.04, 98.95
295.74,diamond,-58.46, 9.91, 100.62
296.06,diamond,-57.77, 9.94, 102.01
296.3849,location,-57.29, 10.03, 102.78
297.3868,location,-59.51, 10.21, 99.71
298.3886,location,-59.74, 10.00, 95.12
299.3905,location,-58.35, 9.86, 91.90
299.4406,jump,-58.56, 9.56, 91.68
300.3923,location,-60.61, 12.08, 88.33
301.3942,location,-64.52, 9.33, 86.80
302.3961,location,-67.02, 9.33, 87.11
302.6298,jump,-68.06, 9.33, 87.56
303.3978,location,-71.07, 11.03, 87.03
303.82,diamond,-72.40, 9.33, 85.48
303.82,diamond,-72.40, 9.33, 85.48
304.14,diamond,-73.94, 9.33, 85.42
304.16,diamond,-74.04, 9.33, 85.43
304.3996,location,-74.98, 9.33, 85.01
304.4,diamond,-75.04, 9.33, 84.92
304.44,diamond,-75.15, 9.33, 84.76
304.64,diamond,-76.07, 9.33, 84.51
304.8,diamond,-76.86, 9.33, 84.41
305,diamond,-77.85, 9.33, 84.40
305.18,diamond,-77.58, 9.33, 85.15
305.3,diamond,-77.13, 9.33, 85.54
305.4016,location,-76.74, 9.33, 85.86
305.46,diamond,-76.51, 9.33, 86.05
305.78,diamond,-75.01, 9.33, 86.28
306.32,diamond,-73.59, 9.33, 84.79
306.4034,location,-73.65, 9.33, 84.39
307.04,diamond,-73.13, 9.33, 85.90
307.4053,location,-73.95, 9.33, 86.07
308.4071,location,-78.23, 9.33, 86.07
308.42,diamond,-78.23, 9.33, 86.17
308.691,jump,-78.03, 9.33, 87.46
309.409,location,-77.82, 12.56, 90.35
309.92,diamond,-77.72, 10.05, 91.34
310.18,diamond,-77.27, 10.01, 92.56
310.4109,location,-76.78, 9.89, 93.55
310.58,diamond,-76.41, 9.88, 94.37
310.92,diamond,-75.78, 10.12, 95.94
311.22,diamond,-75.74, 10.08, 97.43
311.4128,location,-75.86, 10.09, 98.33
311.6,diamond,-76.04, 10.08, 99.31
311.96,diamond,-76.29, 9.96, 101.09
312.36,diamond,-77.55, 9.93, 102.47
312.4146,location,-77.75, 9.92, 102.51
313.4164,location,-78.59, 2.15, 100.47
314.04,lock unlockedblueKey,-78.28, 1.35, 99.37
314.4183,location,-78.86, 1.35, 98.92
315.4201,location,-75.57, 1.35, 100.09
316.422,location,-73.00, 1.35, 100.50
317.4238,location,-76.92, 1.35, 99.55
318.4258,location,-81.54, 1.40, 98.48
319.4276,location,-86.52, 1.32, 98.05
320.4295,location,-91.51, 1.29, 97.77
320.62,game end,-92.51, 1.18, 97.73
344.9248,ankieta PO_fajna_wysoki_wystarczająca ilość_wysoki_średni_nie_tak,-92.51, 1.18, 97.73
344.9248,,-92.51, 1.18, 97.73
