czas,bzdura,x,y,z
19.71996,ankieta PRZED_wysoki_średnia ilość informacji,0.00, 2.95, 0.00
30.30326,True,0.00, 2.95, 0.00
30.30326,location,0.00, 2.95, 0.00
31.31989,location,0.00, 2.17, 0.00
32.33657,location,0.00, 2.17, 0.00
33.3699,location,0.00, 2.17, 0.00
34.38655,location,0.00, 2.17, 0.00
35.40318,location,-0.28, 2.17, 3.39
35.54,diamond,-0.38, 2.19, 4.08
36.41987,location,-0.24, 2.17, 6.79
36.42,diamond,-0.25, 2.17, 6.89
37.41989,location,0.65, 2.28, 9.78
37.5,diamond,0.60, 2.26, 10.28
38.22,diamond,0.60, 2.19, 13.75
38.4532,location,0.49, 2.17, 14.84
39.24,diamond,0.07, 1.74, 16.92
39.45321,location,-0.03, 1.60, 17.92
39.4866,jump,-0.05, 1.53, 18.12
39.7,diamond,-0.16, 3.29, 19.21
40.14,diamond,-0.37, 4.62, 21.40
40.48649,location,-0.50, 3.66, 23.10
41.16,diamond,-0.47, -2.61, 25.35
41.51984,location,-0.72, -2.68, 25.36
42.55313,location,1.76, -2.68, 23.73
42.8,diamond,2.90, -2.68, 24.12
43.55315,location,6.39, -2.68, 24.23
43.58,diamond,6.59, -2.68, 24.21
44.32,diamond,7.43, -2.68, 21.14
44.56987,location,8.09, -2.68, 20.19
45.12,diamond,8.21, -2.68, 17.49
45.58648,location,8.23, -2.68, 15.30
45.96,diamond,8.65, -2.68, 13.47
46.60313,location,6.25, -2.68, 11.79
47.60318,location,3.75, -2.72, 10.89
48.61983,location,3.70, -2.76, 11.37
49.6365,location,4.86, -2.68, 15.33
50.63651,location,3.22, -2.68, 19.85
51.65311,location,-0.01, -2.68, 21.84
52.42,diamond,-3.07, -2.68, 23.62
52.66975,location,-4.23, -2.68, 23.57
53.3,diamond,-7.05, -2.68, 24.06
53.66982,location,-8.34, -2.68, 23.24
54.08,diamond,-8.04, -2.68, 21.18
54.7031,location,-8.10, -2.68, 18.30
54.88,diamond,-7.83, -2.68, 17.44
55.68,diamond,-7.86, -2.68, 13.73
55.73648,location,-7.89, -2.68, 13.54
56.76981,location,-4.22, -2.68, 11.72
57.80304,location,-4.88, -2.68, 11.71
58.43642,jump,-5.91, -2.68, 14.55
58.80314,location,-4.75, -0.02, 16.05
59.83644,location,-1.63, -2.68, 14.76
59.84,diamond,-1.53, -2.68, 14.77
59.84,diamond,-1.53, -2.68, 14.77
60,diamond,-0.73, -2.68, 14.80
60.1,diamond,-0.30, -2.68, 14.98
60.12,diamond,-0.21, -2.68, 15.03
60.16,diamond,-0.03, -2.68, 15.12
60.54,diamond,0.21, -2.68, 13.94
60.56,diamond,0.22, -2.68, 13.84
60.56,diamond,0.22, -2.68, 13.84
60.56,diamond,0.22, -2.68, 13.84
60.66,diamond,0.31, -2.68, 13.35
60.68641,jump,0.32, -2.68, 13.25
60.85307,location,0.46, -1.77, 12.46
60.88,diamond,0.49, -1.77, 12.27
60.94,diamond,0.54, -1.77, 11.97
61,diamond,0.59, -1.77, 11.67
61.04,diamond,0.62, -1.78, 11.48
61.2,diamond,0.25, -1.78, 10.97
61.85307,location,-0.23, -2.68, 10.90
62.83638,jump,-0.24, -2.68, 15.55
62.88639,location,-0.18, -2.11, 15.84
62.9,diamond,-0.15, -1.93, 15.94
62.98,diamond,-0.05, -1.67, 16.33
62.98,diamond,-0.05, -1.67, 16.33
63.48,diamond,0.32, -1.62, 16.68
63.9031,location,0.96, -2.68, 16.93
64.63638,jump,-2.14, -2.68, 15.46
64.93643,location,-3.09, -0.40, 14.30
65.96968,location,-2.19, -1.35, 13.76
66.26974,jump,-2.19, -1.35, 13.76
67.00308,location,-2.56, 1.24, 12.02
67.63641,jump,-2.59, 1.09, 10.45
68.03633,location,-1.57, 3.83, 8.79
69.03634,location,-0.73, 2.32, 10.22
70.03641,location,-1.17, 2.28, 14.95
71.01969,jump,-1.75, 0.94, 19.67
71.06972,location,-1.75, 1.50, 19.97
71.93999,diamond,-0.92, 3.55, 24.06
72.06973,location,-0.47, 2.93, 24.42
72.38,diamond,-0.10, 1.32, 25.97
72.45298,jump,-0.04, 1.32, 26.27
73.10303,location,0.08, 4.47, 27.42
73.7,diamond,-0.14, 1.70, 28.81
74.10304,location,0.21, 1.32, 29.47
74.5,diamond,0.15, 1.32, 31.37
75.11964,location,-0.01, 1.32, 34.18
75.24,diamond,-0.26, 1.32, 34.83
76,diamond,0.01, 1.32, 38.34
76.11966,location,-0.11, 1.32, 38.79
76.66,diamond,0.02, 1.32, 41.57
77.13634,location,-1.52, 1.32, 41.50
78.1697,location,-2.01, 1.32, 36.55
78.78,diamond,-2.99, 1.32, 33.83
78.88,diamond,-3.04, 1.32, 33.33
78.9,diamond,-3.05, 1.32, 33.23
78.98,diamond,-3.09, 1.32, 32.83
79.06,diamond,-3.14, 1.32, 32.43
79.20303,location,-3.26, 1.32, 31.74
79.68634,jump,-3.70, 1.32, 32.90
80.21965,location,-4.55, 4.30, 33.08
80.68,diamond,-6.07, 3.61, 31.96
80.86,diamond,-6.60, 3.85, 32.64
81.04,diamond,-7.42, 4.25, 32.89
81.12,diamond,-7.80, 4.45, 32.77
81.23629,location,-8.17, 4.66, 32.46
81.25999,diamond,-8.12, 4.63, 32.27
81.3,diamond,-8.06, 4.61, 32.07
81.36,diamond,-7.97, 4.58, 31.79
81.38,diamond,-7.94, 4.57, 31.69
81.48627,jump,-8.18, 4.70, 31.25
81.52,diamond,-8.27, 5.07, 31.08
81.54,diamond,-8.32, 5.25, 30.99
81.56,diamond,-8.37, 5.42, 30.90
81.6,diamond,-8.47, 5.75, 30.73
81.98,diamond,-9.16, 7.00, 31.73
82.26968,location,-9.34, 6.88, 32.52
82.84,diamond,-7.70, 4.48, 30.89
82.84,diamond,-7.70, 4.48, 30.89
83.30299,location,-7.48, 4.40, 30.06
83.33633,jump,-7.48, 4.40, 30.06
83.38,diamond,-7.48, 4.96, 30.06
83.48,diamond,-7.48, 5.77, 30.06
84.24,diamond,-7.33, 6.46, 31.15
84.33633,location,-7.18, 6.10, 31.52
85.16965,jump,-7.61, 4.35, 32.89
85.36959,location,-7.96, 5.98, 33.82
86.36965,location,-5.59, 4.72, 34.75
87.40298,location,-2.24, 1.32, 35.47
87.80293,jump,-0.37, 1.32, 34.75
88.43631,location,2.66, 4.39, 34.13
89.24,normal button enter,6.46, 1.32, 32.61
89.31956,jump,6.72, 1.32, 32.47
89.38,diamond,7.08, 2.06, 32.29
89.43999,diamond,7.35, 2.55, 32.16
89.45292,location,7.35, 2.55, 32.16
89.52,diamond,7.63, 3.12, 32.04
90.45295,location,8.63, 2.78, 33.30
91.46957,location,3.95, 1.30, 33.28
92.48627,location,0.09, 1.32, 35.04
92.61962,jump,-0.51, 1.32, 35.10
93.5029,location,-3.84, 4.30, 37.40
94.2,normal button enter,-6.95, 1.32, 39.00
94.36,diamond,-7.59, 1.32, 39.48
94.46956,jump,-7.89, 1.32, 39.87
94.50295,location,-8.00, 1.71, 40.04
94.54,diamond,-8.00, 2.06, 40.04
94.66,diamond,-8.00, 3.00, 40.04
95.51956,location,-5.63, 3.55, 40.00
96.10287,jump,-3.05, 1.32, 39.03
96.53622,location,-2.24, 4.05, 40.67
97.55285,location,-2.75, 1.32, 41.61
98.56957,location,-4.35, 1.32, 41.45
98.9195,jump,-3.76, 1.32, 42.96
99.58619,location,-1.12, 4.74, 44.68
100.5862,location,-0.44, 1.32, 47.95
100.7196,jump,-0.59, 1.32, 48.53
101.6029,location,-1.58, 4.36, 47.29
102.6196,location,-3.83, 1.32, 46.90
103.6362,location,-2.31, 1.32, 48.06
103.7862,jump,-1.52, 1.32, 48.18
104.6362,location,-0.75, 4.11, 51.25
104.84,diamond,0.34, 3.10, 51.31
105.6529,location,-0.26, 1.32, 54.06
105.74,diamond,-0.33, 1.32, 54.55
106.4028,jump,0.93, 1.32, 56.47
106.6695,location,2.23, 3.30, 56.50
107.6695,location,7.07, 1.47, 57.19
107.7362,jump,7.37, 1.32, 57.21
108.6861,location,12.00, 3.96, 56.99
109.3528,jump,14.10, 1.32, 55.73
109.7028,location,15.15, 3.91, 54.42
110.7028,location,16.42, 1.32, 49.62
110.7528,jump,16.45, 1.32, 49.42
111.7195,location,16.79, 3.91, 44.64
111.84,red key,16.83, 3.13, 44.14
112.7361,location,17.07, 1.32, 43.94
113.1361,jump,15.67, 1.32, 45.37
113.7362,location,15.31, 4.59, 48.22
114.7362,location,13.35, 1.32, 52.54
114.7528,jump,13.34, 1.32, 52.64
115.7528,location,8.83, 3.72, 54.20
116.1694,jump,6.99, 1.32, 54.81
116.7695,location,4.01, 4.53, 54.48
117.6361,jump,0.27, 1.32, 55.80
117.786,location,-0.46, 2.72, 55.47
118.74,diamond,-3.14, 3.05, 55.93
118.7861,location,-3.21, 2.77, 56.12
119.36,diamond,-5.62, 1.32, 56.28
119.7195,jump,-7.28, 1.32, 56.11
119.8027,location,-7.74, 2.24, 56.30
120.8,diamond,-9.08, 3.24, 56.20
120.8194,location,-9.08, 3.24, 56.20
121.48,diamond,-12.18, 1.32, 56.30
121.7027,jump,-13.25, 1.32, 56.05
121.8195,location,-13.73, 2.22, 55.92
122.78,diamond,-14.79, 3.10, 54.03
122.8361,location,-14.79, 2.83, 54.03
122.96,diamond,-14.84, 1.69, 53.84
123.1,diamond,-15.27, 1.32, 53.34
123.24,diamond,-15.45, 1.32, 52.72
123.26,diamond,-15.44, 1.32, 52.62
123.82,diamond,-15.23, 1.32, 49.83
123.8361,location,-15.23, 1.32, 49.83
123.84,diamond,-15.23, 1.32, 49.73
123.92,diamond,-15.24, 1.32, 49.33
123.92,diamond,-15.24, 1.32, 49.33
124,diamond,-15.24, 1.32, 48.93
124.0528,jump,-15.25, 1.32, 48.73
124.24,diamond,-15.25, 3.00, 47.73
124.8527,location,-15.21, 4.44, 46.83
125.26,diamond,-15.27, 2.23, 46.03
125.32,diamond,-15.31, 1.70, 45.73
125.42,diamond,-15.39, 1.32, 45.24
125.56,diamond,-15.51, 1.32, 44.55
125.58,diamond,-15.53, 1.32, 44.45
125.66,diamond,-15.76, 1.32, 44.13
125.68,diamond,-15.84, 1.32, 44.08
125.76,diamond,-16.21, 1.32, 43.92
125.8528,location,-16.58, 1.32, 43.77
126.22,diamond,-18.36, 1.29, 43.61
126.26,diamond,-18.55, 1.29, 43.69
126.4,diamond,-19.22, 1.29, 43.89
126.44,diamond,-19.42, 1.29, 43.91
126.46,diamond,-19.52, 1.29, 43.92
126.4861,jump,-19.62, 1.29, 43.91
126.6,diamond,-20.22, 2.36, 43.91
126.8694,location,-21.52, 3.93, 43.89
127.58,diamond,-22.31, 3.00, 43.81
127.7,diamond,-22.91, 2.09, 43.73
127.72,diamond,-23.01, 1.91, 43.72
127.82,diamond,-23.50, 1.32, 43.63
127.84,diamond,-23.60, 1.32, 43.61
127.8694,location,-23.70, 1.32, 43.59
128.1,diamond,-24.69, 1.32, 43.97
128.12,diamond,-24.71, 1.32, 44.07
128.4,diamond,-24.24, 1.32, 45.36
128.58,diamond,-24.12, 1.32, 46.22
128.6,diamond,-24.14, 1.32, 46.32
128.7361,jump,-24.28, 1.32, 46.90
128.82,diamond,-24.39, 2.24, 47.39
128.84,diamond,-24.41, 2.40, 47.49
128.8861,location,-24.45, 2.72, 47.69
129.78,diamond,-24.75, 3.44, 50.87
129.9027,location,-24.75, 2.62, 50.97
129.96,diamond,-24.76, 2.12, 51.27
129.98,diamond,-24.77, 1.95, 51.37
130.04,diamond,-24.77, 1.38, 51.67
130.06,diamond,-24.77, 1.32, 51.77
130.46,diamond,-24.03, 1.32, 53.22
130.48,diamond,-23.98, 1.32, 53.14
130.7,diamond,-23.54, 1.32, 52.13
130.72,diamond,-23.47, 1.32, 52.06
130.9194,location,-22.60, 1.32, 51.86
130.98,diamond,-22.23, 1.32, 51.91
130.98,diamond,-22.23, 1.32, 51.91
131.0194,jump,-22.16, 1.32, 51.99
131.9194,location,-19.73, 4.24, 52.23
132.04,diamond,-19.03, 3.60, 52.29
132.36,diamond,-17.44, 1.32, 52.41
132.38,diamond,-17.34, 1.32, 52.42
132.38,diamond,-17.34, 1.32, 52.42
132.4,diamond,-17.24, 1.32, 52.44
132.9361,location,-16.93, 1.32, 53.30
133.36,diamond,-18.19, 1.29, 52.16
133.66,diamond,-19.30, 1.29, 51.43
133.66,diamond,-19.30, 1.29, 51.43
133.68,diamond,-19.40, 1.29, 51.43
133.9527,location,-20.54, 1.29, 51.05
134.56,diamond,-22.96, 1.32, 49.38
134.56,diamond,-22.96, 1.32, 49.38
134.58,diamond,-23.03, 1.32, 49.32
134.58,diamond,-23.03, 1.32, 49.32
134.88,diamond,-24.27, 1.32, 49.01
134.9194,jump,-24.30, 1.32, 48.91
134.9694,location,-24.36, 1.89, 48.62
135.986,location,-21.50, 3.37, 49.17
136,diamond,-21.40, 3.24, 49.20
136.14,diamond,-21.05, 2.18, 48.65
136.14,diamond,-21.05, 2.18, 48.65
136.16,diamond,-20.97, 2.01, 48.59
136.2,diamond,-20.80, 1.64, 48.48
136.34,diamond,-20.18, 1.29, 48.28
136.34,diamond,-20.18, 1.29, 48.28
136.36,diamond,-20.08, 1.29, 48.29
136.36,diamond,-20.08, 1.29, 48.29
136.72,diamond,-18.29, 1.29, 48.36
136.74,diamond,-18.19, 1.29, 48.37
136.986,location,-17.02, 1.32, 48.26
137.02,diamond,-16.90, 1.32, 48.10
137.2027,jump,-16.80, 1.32, 47.27
138.0027,location,-16.29, 4.32, 45.42
138.2,diamond,-16.56, 3.57, 45.28
138.92,diamond,-19.10, 1.29, 45.30
138.94,diamond,-19.20, 1.29, 45.26
139.0193,location,-19.47, 1.29, 45.15
139.18,diamond,-20.33, 1.29, 44.87
139.2194,jump,-20.42, 1.29, 44.85
140.036,location,-22.67, 4.45, 44.73
140.22,diamond,-23.20, 3.69, 45.01
141.036,location,-21.54, 1.29, 47.36
141.98,diamond,-20.63, 1.29, 52.06
142,diamond,-20.60, 1.29, 52.15
142.0526,location,-20.56, 1.29, 52.35
142.1527,jump,-20.45, 1.29, 52.84
143.0526,location,-20.84, 4.13, 52.82
144.0693,location,-23.22, 1.32, 55.52
144.2,lock unlockedredKey,-23.92, 1.32, 55.58
145.0859,location,-24.35, 1.32, 55.70
146.086,location,-25.79, 1.32, 55.93
147.04,hold button enter,-30.37, 1.32, 55.84
147.1026,location,-30.67, 1.32, 55.82
147.18,diamond,-31.06, 1.32, 55.79
147.4026,jump,-32.16, 1.32, 55.70
147.5,diamond,-32.66, 2.22, 55.68
147.54,hold button leave,-32.86, 2.53, 55.68
147.8,diamond,-34.16, 4.02, 55.64
148.1027,location,-35.65, 4.47, 55.78
148.16,diamond,-35.95, 4.39, 55.82
148.46,diamond,-37.44, 3.22, 55.99
149.1193,location,-38.82, 1.29, 53.47
149.2193,jump,-39.23, 1.29, 53.19
150.1359,location,-42.28, 4.14, 49.98
151.1526,location,-46.91, 1.31, 48.18
152.1692,location,-46.64, 1.31, 46.94
152.7693,jump,-46.21, 1.31, 48.03
153.1693,location,-47.21, 3.69, 47.93
154.186,location,-47.87, 2.24, 47.68
155.2026,location,-49.14, 1.32, 51.19
156.2192,location,-49.30, 1.32, 52.03
156.8859,jump,-48.25, 1.32, 53.44
157.2359,location,-48.61, 3.78, 55.09
158.2526,location,-47.05, 1.32, 59.02
159.2693,location,-42.28, 1.29, 59.00
160.2859,location,-37.28, 1.29, 58.24
160.3359,jump,-37.11, 1.29, 58.14
161.3026,location,-32.87, 3.84, 57.60
161.58,hold button enter,-32.53, 1.92, 57.08
162.3026,location,-31.69, 1.32, 56.80
163.3192,location,-31.50, 1.32, 56.02
164.0025,jump,-33.48, 1.32, 55.78
164.06,hold button leave,-33.78, 1.87, 55.74
164.3359,location,-35.07, 3.67, 55.63
165.2,gun,-39.41, 4.30, 56.10
165.2526,jump,-39.60, 4.45, 56.16
165.3,diamond,-39.89, 5.02, 56.26
165.3526,location,-40.08, 5.36, 56.32
165.4,diamond,-40.36, 5.84, 56.41
166.3692,location,-40.81, 6.00, 55.90
167.3692,location,-40.15, 6.00, 56.56
167.3859,shoot,-40.15, 6.00, 56.56
168.3859,location,-40.41, 6.00, 56.71
169.3359,shoot,-39.97, 5.99, 57.36
169.4025,location,-39.97, 5.99, 57.36
170.4025,location,-39.97, 5.99, 57.36
171.4192,location,-39.97, 5.99, 57.36
172.4192,location,-39.97, 5.99, 57.36
172.6358,shoot,-39.97, 5.99, 57.36
173,pole sphere activated,-39.97, 5.99, 57.36
173.4359,location,-39.97, 5.99, 57.36
174.4525,location,-39.97, 5.99, 57.36
175.4692,location,-39.97, 5.99, 57.36
176.0524,shoot,-39.97, 5.99, 57.36
176.42,pole sphere activated,-39.97, 5.99, 57.36
176.4858,location,-39.97, 5.99, 57.36
177.4858,location,-39.67, 1.29, 60.34
177.7191,jump,-39.86, 1.29, 61.42
178.5025,location,-39.84, 4.49, 64.52
179.02,diamond,-39.84, 1.42, 66.32
179.12,diamond,-39.85, 1.32, 66.82
179.26,diamond,-39.86, 1.32, 67.52
179.4,diamond,-39.89, 1.32, 68.22
179.5191,location,-39.91, 1.32, 68.72
179.56,diamond,-39.92, 1.32, 69.02
179.7,diamond,-39.95, 1.32, 69.72
179.84,diamond,-39.96, 1.32, 70.42
180,diamond,-39.94, 1.32, 71.22
180.14,diamond,-39.90, 1.32, 71.92
180.28,diamond,-39.87, 1.32, 72.62
180.42,diamond,-39.83, 1.32, 73.31
180.5358,location,-39.80, 1.32, 73.81
180.58,diamond,-39.80, 1.32, 74.11
180.74,diamond,-39.80, 1.32, 74.91
180.88,diamond,-39.80, 1.32, 75.61
181.02,diamond,-39.81, 1.32, 76.31
181.18,diamond,-39.81, 1.32, 77.11
181.32,diamond,-39.80, 1.32, 77.81
181.48,diamond,-39.77, 1.32, 78.61
181.5524,location,-39.76, 1.32, 78.91
181.62,diamond,-39.74, 1.32, 79.31
181.76,diamond,-39.72, 1.32, 80.01
181.92,diamond,-39.72, 1.32, 80.81
182.06,diamond,-39.72, 1.32, 81.51
182.2,diamond,-39.73, 1.32, 82.21
182.36,diamond,-39.75, 1.32, 83.01
182.5525,location,-39.79, 1.32, 83.91
182.7191,jump,-39.83, 1.32, 84.71
183.5692,location,-40.54, 2.75, 84.66
183.9691,shoot,-40.05, 1.32, 86.49
184.5858,location,-40.07, 1.33, 89.59
185.1024,jump,-40.08, 1.33, 92.19
185.6024,location,-40.80, 4.33, 92.25
186.6191,location,-44.20, 1.33, 95.00
186.8357,jump,-44.66, 1.33, 96.00
187.6357,location,-44.44, 4.49, 99.65
188.3024,jump,-42.22, 1.33, 101.68
188.6524,location,-40.64, 3.78, 102.24
189.6524,location,-36.47, 1.33, 100.76
189.6857,jump,-36.33, 1.33, 100.62
190.6524,location,-35.82, 3.83, 96.13
191.0524,jump,-36.90, 1.33, 94.49
191.6691,location,-39.41, 4.59, 93.90
192.68,diamond,-40.00, 1.33, 96.92
192.6857,location,-40.00, 1.33, 96.92
192.7,diamond,-40.01, 1.33, 97.02
192.74,diamond,-40.02, 1.33, 97.22
192.74,diamond,-40.02, 1.33, 97.22
192.78,diamond,-40.03, 1.33, 97.42
192.8,diamond,-40.04, 1.33, 97.52
192.84,diamond,-40.05, 1.33, 97.72
192.86,diamond,-40.05, 1.33, 97.82
192.88,diamond,-40.06, 1.33, 97.92
192.9,diamond,-40.06, 1.33, 98.02
192.94,diamond,-40.07, 1.33, 98.22
192.9524,jump,-40.07, 1.33, 98.22
192.96,diamond,-40.08, 1.53, 98.32
193.7023,location,-39.89, 2.98, 99.01
194.7024,location,-39.89, 1.33, 98.11
195.719,location,-39.89, 1.33, 98.11
196.7357,location,-38.90, 1.33, 97.53
197.7357,location,-39.53, 1.33, 96.76
198.7523,location,-39.53, 1.33, 96.76
199.769,location,-39.53, 1.33, 96.76
200.7691,location,-39.53, 1.33, 96.76
201.7857,location,-39.53, 1.33, 96.76
201.919,shoot,-39.53, 1.33, 96.76
202.8023,location,-39.53, 1.33, 96.76
203.569,shoot,-39.53, 1.33, 96.76
203.819,location,-39.53, 1.33, 96.76
204.819,shoot,-39.53, 1.33, 96.76
204.8356,location,-39.53, 1.33, 96.76
205.8357,location,-39.05, 1.33, 97.26
206.2023,shoot,-38.96, 1.33, 97.44
206.8357,location,-38.96, 1.33, 97.44
207.5023,shoot,-38.96, 1.33, 97.44
207.8523,location,-38.96, 1.33, 97.44
208.719,shoot,-39.80, 1.33, 98.11
208.869,location,-39.80, 1.33, 98.11
209.869,location,-39.80, 1.33, 98.11
210.8857,location,-39.80, 1.33, 98.11
211.9023,location,-39.80, 1.33, 98.11
212.8856,shoot,-39.80, 1.33, 98.11
212.919,location,-39.80, 1.33, 98.11
213.5856,jump,-39.85, 1.33, 95.22
213.9356,location,-39.85, 3.80, 94.62
214.82,diamond,-40.14, 1.96, 91.43
214.82,diamond,-40.14, 1.96, 91.43
214.9523,location,-40.10, 1.33, 90.93
214.98,diamond,-39.94, 1.33, 90.90
215.24,diamond,-38.77, 1.33, 91.43
215.48,diamond,-37.69, 1.33, 91.35
215.62,diamond,-37.12, 1.33, 91.49
215.86,diamond,-36.16, 1.33, 92.21
215.9523,location,-35.85, 1.33, 92.46
216.04,diamond,-35.48, 1.33, 92.79
216.3,diamond,-34.62, 1.33, 93.60
216.52,diamond,-34.08, 1.33, 94.49
216.76,diamond,-33.39, 1.33, 95.43
216.9689,location,-33.13, 1.33, 96.30
217.02,diamond,-33.12, 1.33, 96.59
217.26,diamond,-33.11, 1.33, 97.76
217.6,diamond,-33.10, 1.33, 99.45
217.84,diamond,-33.74, 1.33, 100.34
217.9689,location,-34.19, 1.33, 100.73
218.04,diamond,-34.50, 1.33, 100.99
218.28,diamond,-34.83, 1.33, 102.08
218.48,diamond,-35.36, 1.33, 102.83
218.72,diamond,-36.24, 1.33, 103.51
218.94,diamond,-37.21, 1.33, 103.82
218.9856,location,-37.41, 1.33, 103.82
219.2,diamond,-38.28, 1.33, 104.47
219.4,diamond,-39.11, 1.33, 104.60
219.66,diamond,-40.33, 1.33, 104.47
219.84,diamond,-41.19, 1.33, 104.62
220.0023,location,-41.90, 1.33, 104.55
220.12,diamond,-42.30, 1.33, 104.31
220.3,diamond,-43.02, 1.33, 103.93
220.54,diamond,-44.04, 1.33, 103.35
220.72,diamond,-44.81, 1.33, 102.90
221,diamond,-45.48, 1.33, 101.94
221.0189,location,-45.48, 1.33, 101.94
221.22,diamond,-45.74, 1.33, 100.94
221.48,diamond,-46.61, 1.33, 100.01
221.78,diamond,-47.37, 1.33, 98.74
222,diamond,-46.89, 1.33, 97.75
222.0356,location,-46.84, 1.33, 97.67
222.22,diamond,-46.78, 1.33, 96.74
222.46,diamond,-46.35, 1.33, 95.70
222.72,diamond,-46.01, 1.33, 94.58
222.96,diamond,-45.47, 1.33, 93.60
223.0522,location,-45.26, 1.33, 93.29
223.16,diamond,-44.81, 1.33, 92.92
223.44,diamond,-43.86, 1.33, 92.14
223.66,diamond,-42.82, 1.33, 91.78
224.0522,location,-41.23, 1.33, 91.12
224.8855,jump,-37.42, 1.33, 91.94
225.0689,location,-37.01, 2.85, 92.71
226.0856,location,-35.26, 2.29, 97.02
227.1022,location,-36.68, 1.33, 101.43
227.4355,shoot,-37.84, 1.33, 102.39
228.1022,location,-39.15, 1.33, 102.93
229.1188,location,-43.32, 1.33, 100.93
230.1189,location,-47.32, 1.33, 98.64
230.1689,jump,-47.62, 1.33, 98.62
231.1355,location,-52.34, 2.35, 98.33
232.1521,location,-56.57, 1.35, 97.12
233.1522,location,-58.21, 1.35, 100.16
233.2188,jump,-58.44, 1.35, 100.34
234.1689,location,-62.62, 4.04, 102.06
235.1855,location,-66.56, 1.35, 104.92
235.62,lock unlockedredKey,-68.07, 1.35, 106.29
236.2021,location,-68.78, 1.35, 107.18
237.2188,location,-68.84, 1.35, 106.84
238.2,diamond,-72.55, 1.35, 109.74
238.2355,location,-72.63, 1.35, 109.80
238.3188,jump,-72.97, 1.35, 110.01
239.2521,location,-76.03, 4.12, 110.40
239.5,diamond,-76.42, 2.55, 110.34
240.0688,jump,-77.43, 1.35, 111.23
240.18,diamond,-77.44, 2.43, 111.83
240.2522,location,-77.44, 2.88, 111.93
241.2,diamond,-76.98, 2.84, 113.48
241.2688,location,-76.98, 2.37, 113.48
241.6355,jump,-77.20, 1.35, 114.35
242,diamond,-77.22, 4.05, 114.45
242.2854,location,-77.22, 4.65, 114.45
242.46,diamond,-77.01, 4.41, 114.79
243.06,diamond,-77.44, 1.35, 116.56
243.3021,location,-77.02, 1.35, 117.65
243.8854,jump,-74.95, 1.35, 117.79
244.3021,location,-73.96, 4.07, 116.69
245.22,diamond,-70.12, 1.35, 116.43
245.28,diamond,-69.84, 1.35, 116.52
245.3188,location,-69.74, 1.35, 116.55
245.4021,jump,-69.27, 1.35, 116.63
245.5,diamond,-68.93, 1.89, 116.28
245.52,diamond,-68.97, 1.90, 116.19
245.78,diamond,-69.49, 1.84, 115.01
245.8,diamond,-69.54, 1.84, 114.92
246,diamond,-69.48, 1.81, 113.98
246.02,diamond,-69.45, 1.81, 113.89
246.3355,location,-68.81, 1.35, 113.32
246.5188,jump,-68.17, 1.35, 112.84
247.3521,location,-67.92, 2.01, 111.55
248.3687,location,-66.85, 1.35, 110.90
248.58,diamond,-66.35, 1.35, 110.90
249.3854,location,-65.55, 1.35, 111.00
250.4021,location,-63.87, 1.35, 110.35
250.72,diamond,-62.38, 1.35, 110.13
251.4021,location,-61.47, 1.35, 112.10
251.6,diamond,-61.16, 1.35, 112.97
252.4187,location,-60.98, 1.35, 116.69
252.5,diamond,-60.88, 1.35, 117.17
253.24,diamond,-64.07, 1.35, 118.04
253.3521,jump,-64.48, 1.35, 118.01
253.4187,location,-64.69, 1.96, 118.04
254.4354,location,-67.83, 3.38, 116.98
255.2021,jump,-66.25, 1.35, 118.33
255.4354,location,-66.21, 3.13, 117.33
256.4521,location,-65.63, 3.39, 116.68
256.4854,jump,-65.63, 3.39, 116.68
257.12,diamond,-65.43, 6.59, 115.10
257.14,diamond,-65.43, 6.59, 115.00
257.18,diamond,-65.42, 6.57, 114.80
257.46,diamond,-65.41, 5.79, 114.70
257.4687,location,-65.41, 5.79, 114.70
258.102,jump,-66.16, 5.35, 114.41
258.4854,location,-66.16, 7.97, 114.41
259.502,location,-67.64, 5.31, 113.76
260.102,jump,-69.36, 5.97, 113.34
260.5187,location,-71.05, 8.67, 114.06
261.5353,location,-72.41, 5.35, 115.25
261.8187,jump,-72.49, 5.35, 115.38
262.2,diamond,-73.08, 8.15, 117.29
262.22,diamond,-73.11, 8.23, 117.39
262.552,location,-73.23, 8.64, 117.77
262.74,diamond,-73.38, 8.12, 118.25
262.92,diamond,-73.47, 7.14, 118.53
263.552,location,-73.47, 6.50, 118.53
263.5687,jump,-73.47, 6.50, 118.53
264.16,diamond,-73.18, 9.71, 120.51
264.16,diamond,-73.18, 9.71, 120.51
264.32,diamond,-73.17, 9.66, 120.71
264.56,diamond,-73.23, 8.85, 121.00
264.5687,location,-73.23, 8.85, 121.00
265.0854,jump,-73.36, 8.18, 121.69
265.56,diamond,-73.46, 11.15, 122.79
265.58,diamond,-73.47, 11.20, 122.89
265.5853,location,-73.47, 11.20, 122.89
265.6,diamond,-73.48, 11.25, 122.98
265.7,diamond,-73.52, 11.37, 123.48
266.502,jump,-73.52, 10.56, 123.48
266.602,location,-73.52, 11.46, 123.48
266.94,diamond,-72.63, 13.39, 123.61
267.38,diamond,-71.84, 13.33, 123.71
267.58,diamond,-71.84, 12.34, 123.71
267.6186,location,-71.84, 12.21, 123.71
267.7,diamond,-71.84, 11.46, 123.71
268.1,diamond,-70.67, 10.56, 124.00
268.1,diamond,-70.67, 10.56, 124.00
268.2,diamond,-70.18, 10.55, 124.01
268.2853,jump,-69.78, 10.55, 123.96
268.38,diamond,-69.28, 11.46, 123.90
268.56,diamond,-68.39, 12.71, 123.81
268.58,diamond,-68.29, 12.82, 123.80
268.6353,location,-68.09, 13.02, 123.80
269.24,diamond,-65.99, 13.05, 123.90
269.28,diamond,-65.79, 12.85, 123.92
269.38,diamond,-65.29, 12.26, 123.97
269.48,diamond,-64.80, 11.52, 124.01
269.6519,location,-64.70, 10.59, 124.02
270.6686,location,-65.29, 10.61, 124.01
270.86,diamond,-66.29, 10.65, 123.91
270.86,diamond,-66.29, 10.65, 123.91
271.6686,location,-67.99, 10.68, 123.82
272.0353,jump,-68.71, 10.68, 123.97
272.6853,location,-68.78, 13.98, 127.21
273.18,green key,-69.12, 12.21, 129.33
273.7019,location,-69.01, 12.33, 130.54
274.68,diamond,-68.37, 3.76, 129.85
274.7186,location,-68.46, 3.56, 129.81
274.8,diamond,-68.92, 2.56, 129.60
275.18,diamond,-70.58, 1.35, 129.91
275.5019,jump,-71.99, 1.35, 129.55
275.6,diamond,-72.49, 2.25, 129.53
275.7186,location,-72.89, 3.00, 129.83
276.44,diamond,-72.89, 3.88, 128.17
276.72,diamond,-73.44, 2.08, 127.35
276.7352,location,-73.44, 2.08, 127.35
277.7353,location,-73.54, 1.35, 127.76
278.7353,location,-69.55, 1.35, 129.82
279.4,diamond,-66.47, 1.35, 130.35
279.7519,location,-65.51, 1.35, 129.31
279.8186,jump,-65.50, 1.35, 129.01
279.84,diamond,-65.50, 1.74, 128.81
280.7686,location,-65.46, 4.03, 126.61
280.96,diamond,-65.46, 2.85, 126.61
281.4686,jump,-65.75, 1.35, 124.94
281.7852,location,-66.10, 3.74, 123.38
282.8019,location,-67.79, 1.35, 118.69
282.9019,jump,-67.96, 1.35, 118.22
283.8185,location,-68.79, 1.61, 114.21
284.8352,location,-70.97, 1.35, 110.22
285.2185,jump,-70.28, 1.35, 108.59
285.8518,location,-70.40, 4.30, 105.80
286.8685,location,-68.88, 1.35, 102.92
287.8686,location,-65.64, 1.35, 100.31
288.8852,location,-63.63, 1.35, 97.25
289.6185,jump,-62.97, 1.35, 94.84
289.9018,location,-62.58, 3.68, 93.39
290.9185,location,-62.32, 1.69, 93.15
291.6185,jump,-62.13, 1.35, 93.83
291.9352,location,-62.08, 3.78, 92.23
292.9518,location,-62.30, 7.51, 89.88
293.9685,location,-62.50, 3.45, 89.86
294.9852,location,-66.09, 2.43, 89.61
296.0018,location,-64.89, 1.35, 89.77
296.0685,jump,-64.63, 1.35, 89.61
297.0184,location,-65.81, 3.99, 89.90
297.8518,jump,-64.71, 1.35, 89.79
298.0351,location,-63.96, 2.94, 89.73
299.0352,location,-61.79, 7.93, 89.75
300.0518,location,-61.24, 3.17, 89.73
300.6017,jump,-60.96, 7.09, 90.01
301.0685,location,-59.34, 10.05, 91.65
301.22,diamond,-58.80, 10.31, 92.24
302.0685,location,-57.98, 10.10, 92.78
302.16,diamond,-57.88, 10.10, 92.61
303.0851,location,-58.57, 10.07, 93.70
303.16,diamond,-58.69, 10.05, 94.09
303.5,diamond,-59.12, 10.22, 95.73
303.8,diamond,-59.41, 10.14, 97.20
304.1018,location,-59.45, 10.07, 98.70
304.14,diamond,-59.44, 10.07, 98.90
304.56,diamond,-59.10, 10.10, 100.96
304.92,diamond,-58.02, 10.06, 102.37
305.1184,location,-57.30, 10.06, 102.92
306.135,location,-58.24, 10.09, 102.61
307.1351,location,-59.01, 10.07, 97.75
308.1351,location,-58.57, 10.01, 94.22
309.1517,location,-59.19, 9.19, 91.93
310.1683,location,-60.57, 2.61, 90.36
310.5351,jump,-60.66, 5.13, 90.30
311.1684,location,-61.18, 9.13, 88.90
312.1351,jump,-63.28, 9.33, 87.03
312.185,location,-63.28, 9.90, 87.03
312.64,diamond,-64.51, 11.04, 86.05
312.78,diamond,-64.92, 11.04, 85.53
313.2017,location,-65.31, 9.74, 86.25
314.2017,location,-65.08, 9.52, 89.01
315.2184,location,-66.21, 1.41, 88.47
315.7017,shoot,-66.07, 1.35, 88.95
316.235,location,-64.81, 1.35, 91.05
317.2516,location,-63.94, 1.35, 95.96
317.3183,shoot,-63.86, 1.35, 96.25
318.2517,location,-63.21, 1.35, 97.19
319.2684,location,-60.78, 1.35, 94.12
319.9517,jump,-61.22, 1.35, 91.77
320.285,location,-61.25, 1.91, 92.46
321.3017,location,-61.33, 1.35, 93.16
322.185,jump,-61.41, 1.35, 92.95
322.3183,location,-61.49, 2.42, 92.46
323.335,location,-62.04, 9.19, 89.92
324.3516,location,-62.04, 2.05, 89.92
325.3016,jump,-62.37, 8.63, 89.30
325.3683,location,-62.49, 9.25, 89.03
326.3849,location,-63.80, 9.72, 86.01
327.3849,location,-66.09, 9.33, 86.67
328.4016,location,-64.55, 9.52, 89.17
329.4182,location,-69.50, 6.12, 89.06
329.62,lock no keyyellowKey,-69.65, 3.86, 88.93
330.3516,shoot,-69.17, 1.35, 90.15
330.435,location,-68.84, 1.35, 90.37
331.4516,location,-66.27, 1.35, 93.84
332.4683,location,-64.00, 1.35, 90.60
332.5349,jump,-63.93, 1.35, 90.42
333.4849,location,-61.46, 9.05, 89.41
333.8682,jump,-62.51, 6.81, 88.36
334.4849,location,-61.29, 10.04, 88.18
335.5015,location,-63.28, 9.33, 86.75
336.5182,location,-67.27, 9.33, 87.13
337.5349,location,-67.68, 9.33, 86.78
337.7515,jump,-68.45, 9.33, 87.56
338.5515,location,-70.93, 10.95, 87.16
338.88,diamond,-72.16, 9.37, 86.32
339.04,diamond,-72.93, 9.33, 86.10
339.24,diamond,-73.71, 9.33, 85.93
339.2682,jump,-73.81, 9.33, 85.90
339.32,diamond,-74.00, 9.89, 85.84
339.5682,location,-74.00, 11.04, 85.84
339.74,diamond,-74.37, 11.04, 85.69
339.96,diamond,-75.40, 11.02, 85.32
340,diamond,-75.60, 10.99, 85.29
340.08,diamond,-75.98, 10.84, 85.30
340.14,diamond,-76.24, 10.66, 85.39
340.32,diamond,-76.75, 9.82, 84.71
340.5848,location,-77.35, 9.33, 84.51
340.6515,jump,-77.41, 9.33, 84.70
340.68,diamond,-77.47, 9.71, 84.89
340.76,diamond,-77.60, 10.41, 85.27
340.76,diamond,-77.60, 10.41, 85.27
341.6015,location,-78.33, 10.36, 85.23
342.12,diamond,-75.77, 9.33, 84.93
342.3849,jump,-74.47, 9.33, 84.88
342.42,diamond,-74.27, 9.71, 84.87
342.46,diamond,-74.07, 10.06, 84.86
342.6015,location,-73.37, 11.04, 84.83
343.6182,location,-75.12, 9.33, 84.69
344.3349,jump,-77.43, 9.33, 86.98
344.6349,location,-77.72, 11.48, 88.45
345.52,diamond,-78.21, 10.31, 91.51
345.6515,location,-78.24, 10.01, 91.81
346.12,diamond,-77.41, 9.97, 92.67
346.52,diamond,-76.37, 9.89, 94.33
346.6515,location,-76.21, 9.89, 94.91
346.86,diamond,-76.00, 10.06, 95.99
347.16,diamond,-75.97, 10.02, 97.48
347.56,diamond,-75.71, 10.17, 99.31
347.6681,location,-75.80, 10.15, 99.81
347.94,diamond,-76.23, 9.98, 101.13
348.32,diamond,-77.30, 10.01, 102.67
348.6682,location,-78.08, 10.02, 103.11
349.6848,location,-76.24, 10.04, 101.71
350.7014,location,-75.24, 10.05, 96.86
351.5682,jump,-75.54, 9.71, 92.74
351.7015,location,-75.51, 10.94, 92.05
352.7181,location,-74.06, 11.19, 88.37
353.7181,location,-71.71, 9.33, 84.78
354.1515,shoot,-70.99, 9.33, 84.36
354.7347,location,-72.29, 9.33, 85.95
355.1348,jump,-70.90, 9.33, 87.39
355.7514,location,-68.76, 11.18, 87.86
356.6848,jump,-65.85, 9.33, 84.34
356.74,diamond,-65.75, 9.89, 84.06
356.7681,location,-65.72, 10.06, 83.96
357.04,diamond,-65.38, 11.04, 82.60
357.38,diamond,-65.52, 11.02, 81.04
357.68,diamond,-65.37, 10.14, 79.58
357.7848,location,-65.30, 9.54, 79.08
357.9514,jump,-65.26, 9.33, 78.28
358.02,diamond,-65.25, 10.07, 77.88
358.34,diamond,-65.21, 11.04, 76.28
358.68,diamond,-65.52, 10.99, 74.69
358.8014,location,-65.62, 10.74, 74.12
359.08,diamond,-65.59, 9.33, 72.72
359.1848,jump,-65.55, 9.33, 72.22
359.8181,location,-65.10, 11.04, 70.88
360.8347,location,-65.48, 9.33, 70.44
360.92,lock unlockedgreenKey,-65.12, 9.33, 70.09
361.8514,location,-65.09, 9.33, 70.33
362.8681,location,-63.99, 9.33, 67.51
363.06,diamond,-63.26, 9.33, 66.83
363.08,diamond,-63.18, 9.33, 66.78
363.218,jump,-62.61, 9.33, 66.60
363.34,diamond,-61.98, 10.58, 66.77
363.36,diamond,-61.88, 10.73, 66.75
363.8847,location,-60.56, 11.04, 66.32
363.96,diamond,-60.96, 10.97, 66.28
364.12,diamond,-61.63, 10.56, 65.97
364.18,diamond,-61.62, 10.30, 65.67
364.18,diamond,-61.62, 10.30, 65.67
364.8847,location,-60.99, 9.33, 65.26
365.7014,jump,-64.27, 9.33, 63.59
365.9014,location,-64.81, 10.98, 62.76
365.92,diamond,-64.86, 11.04, 62.67
366.58,diamond,-66.46, 10.64, 61.79
366.918,location,-67.77, 9.34, 62.29
367.118,jump,-68.76, 9.34, 62.36
367.2,diamond,-69.26, 10.26, 62.32
367.9347,location,-71.38, 10.86, 61.97
367.94,diamond,-71.48, 10.81, 61.96
368.36,diamond,-73.57, 9.34, 61.75
368.4013,jump,-73.77, 9.34, 61.73
368.9,diamond,-76.27, 11.04, 61.64
368.9514,location,-76.47, 11.04, 61.64
369.34,diamond,-78.47, 10.41, 61.60
369.5681,jump,-79.56, 9.34, 61.67
369.68,diamond,-80.16, 10.41, 61.73
369.968,location,-81.56, 11.04, 61.80
370.4,yellow key,-83.74, 10.79, 61.57
370.9846,location,-85.86, 9.34, 60.86
371.6847,jump,-83.36, 9.34, 60.66
372.0013,location,-81.82, 11.04, 60.54
373.0013,location,-77.05, 9.34, 60.78
373.518,jump,-74.78, 9.34, 60.35
374.0179,location,-72.37, 11.04, 61.01
375.0346,location,-67.82, 9.34, 61.67
376.0347,location,-64.10, 9.33, 65.00
376.5,diamond,-61.94, 9.33, 66.05
377.0513,location,-61.99, 9.33, 65.37
378.068,location,-64.77, 9.33, 69.18
378.6679,jump,-65.16, 9.33, 72.03
379.0846,location,-66.17, 11.04, 73.82
380.1012,location,-64.70, 9.33, 78.01
380.1846,jump,-64.46, 9.33, 78.33
381.1013,location,-65.05, 10.51, 82.55
382.0846,jump,-65.95, 9.33, 87.31
382.1179,location,-65.98, 9.52, 87.40
383.118,location,-67.20, 11.52, 91.57
384,lock unlockedyellowKey,-69.04, 3.61, 89.18
384.1346,location,-69.05, 2.38, 88.58
385.1513,location,-69.04, 1.35, 89.70
386.1679,location,-70.14, 1.33, 86.52
386.2513,shoot,-70.19, 1.33, 86.43
386.96,diamond,-68.93, 1.33, 84.75
387.0679,jump,-68.91, 1.33, 84.25
387.1845,location,-68.87, 2.40, 83.65
388.2012,location,-68.73, 2.81, 82.26
388.26,diamond,-68.72, 2.35, 81.96
388.6013,jump,-68.82, 1.33, 80.26
388.66,diamond,-68.83, 1.88, 79.96
389.2012,location,-68.72, 4.48, 77.77
389.8,diamond,-68.70, 2.23, 76.87
390.2178,location,-68.72, 1.33, 74.87
390.3,diamond,-68.71, 1.33, 74.37
390.3679,jump,-68.71, 1.33, 74.07
391.12,diamond,-68.56, 4.48, 70.27
391.2179,location,-68.54, 4.31, 69.87
391.82,diamond,-69.81, 3.60, 69.34
392.0512,jump,-70.91, 3.57, 69.30
392.2346,location,-71.81, 5.11, 69.21
393.22,diamond,-72.11, 4.81, 69.21
393.2512,location,-72.21, 4.65, 69.21
393.72,diamond,-74.61, 3.56, 69.20
393.8679,jump,-75.31, 3.33, 69.19
394.2679,location,-77.30, 6.07, 69.09
395.04,diamond,-77.70, 4.51, 69.09
395.2679,location,-78.80, 2.45, 69.16
395.32,diamond,-79.10, 1.84, 69.18
396.2845,location,-80.30, 1.33, 72.20
397.2845,location,-82.38, 1.33, 76.17
398.0345,shoot,-82.72, 1.33, 79.82
398.2845,location,-83.21, 1.33, 80.92
399.3011,location,-84.69, 1.33, 85.39
399.3511,jump,-84.58, 1.33, 85.56
399.36,diamond,-84.52, 1.52, 85.64
400.3178,location,-82.36, 3.93, 86.55
400.56,diamond,-81.86, 2.25, 86.47
401.16,diamond,-79.58, 1.33, 86.76
401.2179,jump,-79.39, 1.33, 86.79
401.3344,location,-78.79, 2.42, 86.84
402.3345,location,-76.61, 3.12, 86.59
402.42,diamond,-76.31, 2.36, 86.55
402.7511,jump,-75.02, 1.33, 86.52
402.78,diamond,-74.82, 1.71, 86.53
403.3511,location,-72.96, 4.57, 86.82
404.3678,location,-76.74, 1.33, 85.76
405.3345,shoot,-78.76, 1.33, 84.90
405.3678,location,-78.76, 1.33, 84.90
406.3845,location,-78.76, 1.33, 84.90
407.4011,location,-78.76, 1.33, 84.90
407.4178,shoot,-78.76, 1.33, 84.90
407.6,pole sphere activated,-78.76, 1.33, 84.90
408.4178,location,-78.07, 1.33, 85.94
409.4344,location,-74.47, 1.33, 85.59
409.9677,shoot,-74.47, 1.33, 85.59
410.28,pole sphere activated,-74.47, 1.33, 85.59
410.4511,location,-74.47, 1.33, 85.59
411.4678,location,-75.27, 1.33, 82.43
411.8177,jump,-75.69, 1.33, 80.79
412.4844,location,-76.28, 4.66, 79.09
412.54,diamond,-76.38, 4.62, 78.80
412.64,diamond,-76.53, 4.43, 78.33
412.64,diamond,-76.53, 4.43, 78.33
412.64,diamond,-76.53, 4.43, 78.33
412.66,diamond,-76.56, 4.38, 78.23
412.7,diamond,-76.63, 4.25, 78.04
412.7,diamond,-76.63, 4.25, 78.04
412.82,diamond,-76.63, 3.72, 78.04
412.92,diamond,-76.63, 3.12, 78.04
412.96,diamond,-76.63, 2.83, 78.04
413.02,diamond,-76.63, 2.36, 78.04
413.08,diamond,-76.63, 2.05, 78.04
413.2,diamond,-76.91, 2.05, 77.79
413.22,diamond,-76.99, 2.05, 77.74
413.24,diamond,-77.08, 2.05, 77.69
413.24,diamond,-77.08, 2.05, 77.69
413.26,diamond,-77.17, 2.05, 77.64
413.28,diamond,-77.26, 2.05, 77.59
413.5011,location,-77.79, 2.05, 77.38
414.5177,location,-77.89, 2.05, 77.34
415.5344,location,-77.39, 2.05, 77.38
416.5511,location,-77.39, 2.05, 77.38
417.1844,jump,-77.39, 2.05, 77.38
417.22,diamond,-77.39, 2.43, 77.38
417.24,diamond,-77.39, 2.61, 77.38
417.32,diamond,-77.39, 3.28, 77.38
417.34,diamond,-77.39, 3.43, 77.38
417.42,diamond,-77.39, 3.97, 77.38
417.46,diamond,-77.39, 4.21, 77.38
417.56,diamond,-77.39, 4.69, 77.38
417.5677,location,-77.39, 4.69, 77.38
417.58,diamond,-77.39, 4.77, 77.38
417.58,diamond,-77.39, 4.77, 77.38
417.62,diamond,-77.39, 4.91, 77.38
418.5844,location,-77.54, 2.05, 75.74
419.051,jump,-76.72, 1.33, 73.59
419.5844,location,-75.82, 4.49, 71.05
420.5177,jump,-73.25, 3.50, 69.17
420.601,location,-72.94, 4.42, 68.78
421.601,location,-74.12, 5.42, 65.50
422.6176,location,-76.89, 5.33, 65.58
423.56,hold button enter,-81.69, 5.33, 65.35
423.6343,location,-81.99, 5.33, 65.33
424.6509,location,-83.58, 5.33, 65.29
425.6676,location,-83.58, 5.33, 65.29
426.6843,location,-83.58, 5.33, 65.29
427.6843,location,-83.58, 5.33, 65.29
428.2676,shoot,-83.58, 5.33, 65.29
428.701,location,-83.58, 5.33, 65.29
429.7176,location,-83.47, 5.33, 65.45
430.7343,location,-83.47, 5.33, 65.45
431.7509,location,-83.47, 5.33, 65.45
432.7676,location,-83.47, 5.33, 65.45
433.2343,shoot,-83.47, 5.33, 65.45
433.7676,location,-83.47, 5.33, 65.45
434.06,pole sphere activated,-83.47, 5.33, 65.45
434.7843,location,-82.64, 5.33, 66.46
434.96,hold button leave,-81.79, 5.33, 66.63
435.4676,jump,-80.02, 5.02, 67.92
435.8009,location,-79.53, 7.50, 69.55
436.8176,location,-78.36, 4.75, 74.41
437.8342,location,-78.05, 2.05, 76.86
438.8343,location,-78.85, 1.97, 75.18
439.8509,location,-77.38, 1.33, 74.55
440.0009,jump,-77.00, 1.33, 73.87
440.8676,location,-76.86, 4.16, 69.91
441.4842,jump,-77.10, 2.77, 69.20
441.8842,location,-77.72, 5.49, 67.52
442.8842,location,-78.34, 5.33, 65.86
443.9008,location,-78.34, 5.33, 65.86
444.7009,shoot,-78.34, 5.33, 65.86
444.9009,location,-78.34, 5.33, 65.86
445.08,pole sphere activated,-78.34, 5.33, 65.86
445.7342,jump,-77.98, 5.33, 67.09
445.9175,location,-77.69, 6.88, 67.94
446.9341,location,-76.77, 6.47, 72.95
447.9508,location,-76.90, 1.33, 75.46
448.9675,location,-76.90, 1.33, 75.46
449.3008,jump,-76.93, 1.33, 74.89
449.9842,location,-77.38, 4.42, 75.89
450.9008,jump,-77.61, 1.33, 73.49
451.0008,location,-77.65, 2.23, 73.99
451.64,diamond,-77.56, 5.73, 76.98
451.68,diamond,-77.56, 6.05, 76.98
451.68,diamond,-77.56, 6.05, 76.98
451.76,diamond,-77.56, 6.37, 76.98
451.78,diamond,-77.56, 6.53, 76.98
451.78,diamond,-77.56, 6.53, 76.98
451.84,diamond,-77.56, 7.01, 76.98
451.86,diamond,-77.56, 7.17, 76.98
451.88,diamond,-77.56, 7.33, 76.98
451.92,diamond,-77.56, 7.65, 76.98
451.92,diamond,-77.56, 7.65, 76.98
451.98,diamond,-77.56, 8.13, 76.98
452.0175,location,-77.54, 8.29, 77.08
452.14,blue key,-77.46, 9.41, 77.57
453.0175,location,-76.58, 3.97, 78.30
453.234,jump,-75.55, 2.21, 78.29
454.0341,location,-73.13, 5.37, 81.40
455.0341,location,-70.92, 1.33, 85.70
455.4508,jump,-70.33, 1.35, 87.72
456.0507,location,-70.12, 4.59, 88.59
457.0508,location,-70.91, 1.35, 90.03
458.0174,jump,-73.88, 1.35, 93.59
458.0674,location,-74.10, 1.92, 93.78
459.08,lock unlockedblueKey,-78.38, 3.40, 96.48
459.084,location,-78.38, 3.40, 96.48
460.0841,location,-76.99, 1.35, 97.59
461.1008,location,-79.37, 1.35, 97.71
462.1174,location,-81.54, 1.40, 97.92
463.1341,location,-86.27, 1.51, 96.99
464.1507,location,-91.13, 1.81, 96.38
464.5,game end,-92.93, 1.97, 96.37
500.9672,ankieta PO_fajna_wysoki_wystarczająca ilość_wysoki_wysoki_nie_tak,-92.93, 1.97, 96.37
500.9672,,-92.93, 1.97, 96.37
