czas,bzdura,x,y,z
93.92165,ankieta PRZED_niski_średnia ilość informacji,0.00, 2.95, 0.00
96.15423,True,0.00, 2.95, 0.00
96.15423,location,0.00, 2.95, 0.00
97.17057,location,0.00, 2.17, 0.00
98.1869,location,0.00, 2.17, 0.00
99.20325,location,-0.07, 2.17, 1.90
100.2196,location,-0.07, 2.17, 1.90
101.2359,location,-0.07, 2.17, 1.90
102.2522,location,-0.07, 2.17, 1.90
103.2685,location,-0.07, 2.17, 1.90
104.12,diamond,-0.19, 2.17, 4.00
104.2849,location,-0.18, 2.17, 4.80
104.96,diamond,-0.14, 2.17, 6.89
105.3012,location,-0.13, 2.17, 7.89
106.3176,location,-0.13, 2.17, 7.89
107.3338,location,0.02, 2.17, 9.89
108.3502,location,0.02, 2.17, 9.89
109.3665,location,0.02, 2.17, 9.89
110.3828,location,0.89, 2.37, 8.29
111.3993,location,2.18, 1.88, 5.17
112.4155,location,0.25, 2.17, 8.33
113.4318,location,0.42, 2.24, 9.11
114.0149,jump,0.42, 2.24, 9.11
114.4481,location,0.42, 5.16, 9.11
115.4645,location,0.42, 2.24, 9.11
115.92,diamond,0.26, 2.17, 10.20
115.9643,jump,0.22, 2.17, 10.40
116.4807,location,-0.22, 5.24, 12.96
117.12,diamond,-0.28, 3.45, 13.76
117.497,location,-0.28, 2.17, 13.76
118.5134,location,2.60, 1.32, 12.91
119.5297,location,4.39, -2.68, 12.70
120.546,location,4.40, -2.68, 12.81
121.24,diamond,6.93, -2.68, 12.13
121.5623,location,8.07, -2.68, 12.81
122.44,diamond,8.30, -2.68, 15.39
122.5787,location,8.28, -2.68, 15.99
123.18,diamond,8.00, -2.68, 19.08
123.595,location,7.83, -2.68, 21.07
123.96,diamond,7.68, -2.68, 22.97
124.6113,location,7.66, -2.68, 23.26
125.4,diamond,4.88, -2.68, 23.51
125.6277,location,3.80, -2.68, 23.73
126.2,diamond,0.92, -2.68, 24.10
126.644,location,-1.26, -2.68, 24.14
127,diamond,-3.03, -2.68, 23.80
127.6603,location,-6.31, -2.68, 23.96
127.82,diamond,-7.11, -2.68, 24.07
128.6766,location,-8.18, -2.68, 24.11
129.24,diamond,-7.95, -2.68, 21.23
129.693,location,-8.20, -2.68, 19.04
130,diamond,-8.23, -2.68, 17.44
130.7093,location,-7.92, -2.68, 13.96
130.76,diamond,-7.90, -2.68, 13.66
131.7256,location,-7.20, -2.68, 12.33
132.7419,location,-3.58, -2.68, 11.81
133.7582,location,-5.23, -2.68, 14.69
134.7746,location,-3.86, -2.68, 16.75
135.7909,location,-3.50, -2.71, 16.81
136.8072,location,-3.52, -2.68, 21.23
137.8235,location,0.64, -2.68, 23.24
138.8398,location,3.62, -2.68, 20.54
139.8561,location,3.06, -2.68, 19.77
140.8725,location,3.89, -2.68, 16.66
141.8888,location,3.99, -2.68, 16.68
142.8385,jump,3.91, -2.68, 16.50
142.9051,location,3.91, -1.93, 16.50
143.9214,location,3.91, -0.76, 16.50
144.9378,location,3.80, -2.68, 15.46
145.8875,jump,3.80, -2.68, 15.46
145.9541,location,3.85, -2.13, 15.46
146.9704,location,2.75, -0.15, 14.40
147.9867,location,2.75, -0.15, 14.40
149.0031,location,5.15, -2.68, 15.39
150.0194,location,3.79, -2.68, 13.85
151.0357,location,3.79, -2.68, 13.85
152.052,location,4.69, -2.68, 13.89
153.0684,location,3.82, -2.68, 13.82
154.0847,location,4.55, -2.68, 14.51
155.101,location,4.76, -2.68, 14.29
156.1173,location,3.89, -2.68, 13.65
157.1337,location,3.89, -2.68, 13.65
158.15,location,3.89, -2.68, 13.65
159.1663,location,3.89, -2.68, 13.65
160.1826,location,3.89, -2.68, 13.65
160.999,jump,3.89, -2.68, 13.65
161.199,location,3.89, -0.98, 13.65
162.2153,location,3.89, -1.64, 13.65
163.2316,location,3.82, -2.68, 17.93
164.2479,location,1.69, -2.68, 21.57
164.7478,jump,1.28, -2.68, 21.66
165.2642,location,0.15, 0.56, 19.73
165.9307,jump,0.05, 0.90, 19.13
166,diamond,0.11, 1.64, 18.73
166.2805,location,0.31, 3.49, 17.35
167.2969,location,0.49, 2.19, 12.39
168.3132,location,0.47, 2.22, 10.89
169.3295,location,-0.42, 2.17, 15.46
169.4961,jump,-0.36, 2.26, 16.26
170.3459,location,-0.07, 5.28, 20.55
170.4,diamond,-0.14, 5.07, 20.84
170.52,diamond,-0.32, 4.50, 21.41
171.3622,jump,-0.45, -2.68, 25.35
171.3622,location,-0.45, -2.68, 25.35
172.3785,location,-0.34, -0.25, 25.43
173.3948,location,0.16, -2.68, 25.00
174.4112,location,-2.03, -2.68, 21.29
174.7444,jump,-2.56, -2.68, 19.91
175.4275,location,-2.56, 0.53, 16.79
175.744,jump,-2.57, -0.16, 16.76
176.4438,location,-0.43, 3.10, 17.13
177.4601,location,0.25, 2.17, 13.19
178.4764,location,0.61, 2.24, 11.74
179.4928,location,0.37, 2.24, 16.43
179.7926,jump,0.25, 1.73, 17.92
180.5091,location,-0.02, 4.98, 21.51
180.92,diamond,-0.12, 3.28, 23.61
181.5255,location,-0.23, -2.56, 25.35
182.5417,location,-0.33, -2.68, 24.85
183.3581,jump,0.67, -2.68, 21.78
183.558,location,0.14, -0.98, 20.94
184.3244,jump,0.03, 1.00, 18.88
184.5744,location,0.12, 2.92, 17.69
185.5907,location,0.45, 2.18, 12.60
186.607,location,0.31, 2.17, 11.05
187.6233,location,0.09, 2.17, 7.86
188.6397,location,-0.02, 2.17, 11.96
189.656,location,0.00, 1.72, 17.06
189.8393,jump,0.01, 1.55, 17.96
190.6723,location,0.01, 4.65, 22.16
191.6887,location,0.01, -2.68, 25.35
192.705,location,0.01, -2.68, 25.35
193.7213,location,0.92, -2.68, 24.57
194.7376,location,2.57, -2.68, 22.84
195.754,location,3.64, -2.68, 21.30
196.7703,location,3.49, -2.68, 20.21
197.7866,location,3.49, -2.68, 20.21
198.8029,location,5.09, -2.68, 17.22
199.3527,jump,4.32, -2.68, 15.18
199.8192,location,2.77, 0.34, 14.09
200.5523,jump,2.72, -0.19, 12.19
200.8355,location,2.15, 2.08, 11.51
201.8519,location,0.19, 2.17, 8.25
202.8682,location,-0.16, 2.17, 6.48
203.8845,location,0.10, 2.17, 10.37
204.9008,location,0.38, 2.17, 15.46
205.9172,location,-0.07, 1.55, 18.12
206.9335,location,-0.07, 1.55, 18.12
207.9498,location,-0.07, 1.55, 18.12
208.9661,location,-0.07, 1.55, 18.12
209.9825,location,1.26, 1.79, 18.51
210.9988,location,1.00, 2.10, 17.54
212.0151,location,0.85, 2.16, 16.96
213.0314,location,0.85, 2.16, 16.96
214.0311,jump,0.43, 1.25, 19.22
214.0478,location,0.41, 1.44, 19.32
215.0641,location,-0.36, 3.43, 24.36
215.4,diamond,-0.45, 1.32, 26.05
215.4474,jump,-0.42, 1.32, 26.24
216.0804,location,0.03, 4.55, 28.60
216.72,diamond,0.03, 1.65, 28.60
217.0967,location,0.03, 1.32, 28.60
217.64,diamond,0.19, 1.32, 31.37
218.1131,location,0.18, 1.32, 33.67
218.34,diamond,0.12, 1.32, 34.87
219.02,diamond,-0.06, 1.32, 38.26
219.1294,location,-0.07, 1.32, 38.76
219.68,diamond,-0.15, 1.32, 41.56
220.1457,location,-0.20, 1.32, 42.56
221.162,location,-2.89, 1.32, 40.44
222.1784,location,-3.20, 1.32, 36.34
222.7,diamond,-3.48, 1.32, 33.66
222.7,diamond,-3.48, 1.32, 33.66
222.78,diamond,-3.52, 1.32, 33.26
222.9,diamond,-3.58, 1.32, 32.66
222.9,diamond,-3.58, 1.32, 32.66
223.1947,location,-3.61, 1.32, 32.37
224.211,location,-3.72, 1.32, 35.35
225.2273,location,0.21, 1.32, 34.61
226.1936,jump,4.77, 1.30, 33.13
226.2437,location,5.05, 1.87, 33.02
227.08,diamond,7.16, 4.19, 32.42
227.1,diamond,7.26, 4.11, 32.40
227.22,diamond,7.55, 3.54, 32.35
227.26,location,7.55, 3.30, 32.35
227.38,normal button enter,7.55, 2.44, 32.35
228.2763,location,8.23, 1.32, 31.13
229.2926,location,8.27, 1.32, 31.03
230.3089,location,8.21, 1.32, 31.11
231.3252,location,3.73, 1.30, 33.15
231.9584,jump,0.78, 1.32, 32.62
232.3416,location,-1.18, 4.12, 32.21
233.3579,location,-2.68, 5.00, 31.96
233.3912,jump,-2.88, 4.90, 31.96
234.3742,location,-5.94, 6.22, 31.55
234.4,diamond,-6.14, 6.01, 31.50
234.42,diamond,-6.23, 5.90, 31.48
234.42,diamond,-6.23, 5.90, 31.48
234.44,diamond,-6.33, 5.79, 31.46
234.54,diamond,-6.82, 5.11, 31.34
234.58,diamond,-7.01, 4.80, 31.29
234.6,diamond,-7.11, 4.63, 31.27
234.7,diamond,-7.60, 4.41, 31.15
234.74,diamond,-7.79, 4.51, 31.11
234.76,diamond,-7.89, 4.56, 31.08
234.82,diamond,-8.18, 4.72, 31.01
235.3906,location,-8.47, 4.87, 30.95
236.16,diamond,-8.48, 4.86, 31.25
236.4069,location,-8.49, 4.85, 31.55
236.6234,jump,-8.49, 4.85, 31.55
236.68,diamond,-8.49, 5.41, 31.55
236.7,diamond,-8.49, 5.59, 31.55
237.4232,location,-8.49, 6.82, 31.55
238.3,diamond,-7.97, 4.63, 30.58
238.32,diamond,-7.92, 4.60, 30.49
238.4395,location,-7.76, 4.53, 30.24
239.056,jump,-7.76, 4.53, 30.24
239.1,diamond,-7.76, 5.10, 30.24
239.14,diamond,-7.76, 5.45, 30.24
239.4558,location,-7.76, 6.99, 30.24
240.4722,location,-7.76, 4.53, 30.24
241.4885,location,-8.33, 4.75, 32.19
241.6718,jump,-8.18, 4.57, 33.08
242.5048,location,-7.70, 6.74, 37.25
242.88,diamond,-8.08, 4.63, 39.09
242.94,diamond,-8.20, 4.10, 39.37
243,diamond,-8.32, 3.52, 39.64
243.12,normal button enter,-8.55, 2.29, 40.20
243.5211,location,-8.70, 1.32, 40.57
244.5375,location,-8.70, 1.32, 40.57
245.5538,location,-6.71, 2.30, 36.67
246.5701,location,-2.32, 1.32, 36.67
247.5864,location,1.24, 1.32, 33.88
248.6028,location,1.45, 1.32, 28.78
249.619,location,1.53, 1.32, 26.68
250.6354,location,1.32, 1.32, 27.14
251.6517,location,0.97, 1.32, 32.14
252.668,location,0.98, 1.32, 37.24
253.6844,location,0.55, 1.32, 42.32
254.7007,location,0.12, 1.32, 47.40
255.44,diamond,-0.09, 1.32, 51.10
255.6503,jump,-0.17, 1.32, 52.09
255.717,location,-0.20, 1.89, 52.39
256.72,diamond,-1.04, 3.27, 54.77
256.7333,location,-1.04, 3.27, 54.77
257.7497,location,-0.67, 1.32, 55.17
258.766,location,4.18, 1.32, 56.02
259.7823,location,9.26, 1.32, 56.20
260.7986,location,13.57, 1.32, 53.88
261.8149,location,14.45, 1.32, 50.49
262.8313,location,15.88, 1.32, 45.62
262.84,red key,15.90, 1.32, 45.52
263.8476,location,16.05, 1.32, 44.73
264.8639,location,15.27, 1.32, 48.78
265.8802,location,16.43, 1.32, 53.66
266.8966,location,12.17, 1.32, 54.85
267.9129,location,7.45, 1.32, 55.94
268.9293,location,2.57, 1.32, 54.84
269.9455,location,-2.43, 1.32, 55.84
270,diamond,-2.72, 1.32, 55.90
270.0288,jump,-2.82, 1.32, 55.92
270.9619,location,-5.49, 3.95, 56.24
271.18,diamond,-5.49, 2.66, 56.24
271.9782,location,-7.69, 1.32, 56.20
272.12,diamond,-8.49, 1.32, 56.19
272.86,diamond,-12.19, 1.32, 56.18
272.9945,location,-12.79, 1.32, 56.18
273.96,diamond,-14.84, 1.32, 54.16
273.98,diamond,-14.88, 1.32, 54.07
274.0108,location,-14.93, 1.32, 53.98
274.16,diamond,-15.31, 1.32, 53.28
274.26,diamond,-15.53, 1.32, 52.83
274.28,diamond,-15.57, 1.32, 52.74
274.32,diamond,-15.64, 1.32, 52.55
274.38,diamond,-15.73, 1.32, 52.26
274.4,diamond,-15.76, 1.32, 52.17
274.78,diamond,-16.15, 1.32, 50.32
274.8,diamond,-16.16, 1.32, 50.22
274.98,diamond,-15.82, 1.32, 49.42
275.02,diamond,-15.71, 1.32, 49.25
275.0272,location,-15.71, 1.32, 49.25
275.04,diamond,-15.66, 1.32, 49.17
275.28,diamond,-15.46, 1.32, 48.00
275.3,diamond,-15.46, 1.32, 47.90
275.7,diamond,-15.86, 1.32, 45.95
275.74,diamond,-15.91, 1.32, 45.76
275.74,diamond,-15.91, 1.32, 45.76
275.76,diamond,-15.94, 1.32, 45.66
275.82,diamond,-16.03, 1.32, 45.38
276,diamond,-16.28, 1.32, 44.51
276.02,diamond,-16.31, 1.32, 44.42
276.0435,location,-16.34, 1.32, 44.32
277.0598,location,-16.55, 1.32, 42.95
277.18,diamond,-16.24, 1.32, 43.20
277.2,diamond,-16.16, 1.32, 43.27
277.3264,jump,-15.64, 1.32, 43.57
278.0763,location,-15.05, 4.46, 43.65
279.0924,location,-17.87, 1.32, 43.83
279.16,diamond,-18.27, 1.29, 43.86
279.18,diamond,-18.36, 1.29, 43.88
279.34,diamond,-19.15, 1.29, 44.05
279.42,diamond,-19.54, 1.29, 44.12
279.46,diamond,-19.74, 1.29, 44.15
279.5,diamond,-19.93, 1.29, 44.18
279.54,diamond,-20.13, 1.29, 44.21
279.56,diamond,-20.23, 1.29, 44.22
279.58,diamond,-20.33, 1.29, 44.22
279.6089,jump,-20.43, 1.29, 44.23
280.1088,location,-22.93, 4.34, 44.35
280.64,diamond,-23.23, 3.43, 44.32
280.66,diamond,-23.32, 3.31, 44.30
280.74,diamond,-23.71, 2.78, 44.21
280.74,diamond,-23.71, 2.78, 44.21
280.76,diamond,-23.81, 2.63, 44.19
280.86,diamond,-24.30, 1.80, 44.07
280.88,diamond,-24.39, 1.62, 44.05
281.1251,location,-24.69, 1.32, 44.01
281.76,diamond,-24.08, 1.32, 44.53
282.1414,location,-22.65, 1.32, 45.78
282.44,diamond,-21.54, 1.29, 46.78
282.46,diamond,-21.47, 1.29, 46.85
282.66,diamond,-20.76, 1.29, 47.55
282.74,diamond,-20.47, 1.29, 47.84
282.7412,jump,-20.47, 1.29, 47.84
282.78,diamond,-20.33, 1.67, 47.98
282.8,diamond,-20.26, 1.85, 48.05
282.86,diamond,-20.05, 2.35, 48.26
283.1577,location,-19.17, 3.99, 49.22
284.02,diamond,-17.98, 1.49, 47.50
284.04,diamond,-17.88, 1.32, 47.49
284.1741,location,-17.28, 1.32, 47.48
285.1904,location,-18.33, 1.29, 49.58
285.22,diamond,-18.48, 1.29, 49.70
285.257,jump,-18.56, 1.29, 49.76
285.44,diamond,-19.34, 2.99, 50.39
286.2067,location,-20.15, 3.98, 50.97
286.36,diamond,-20.83, 3.08, 51.15
286.52,diamond,-21.59, 1.80, 51.39
286.64,diamond,-22.17, 1.32, 51.56
286.66,diamond,-22.26, 1.32, 51.59
286.74,diamond,-22.65, 1.32, 51.69
286.76,diamond,-22.75, 1.32, 51.71
286.78,diamond,-22.84, 1.32, 51.73
286.96,diamond,-23.73, 1.32, 51.89
286.98,diamond,-23.83, 1.32, 51.91
286.98,diamond,-23.83, 1.32, 51.91
287,diamond,-23.93, 1.32, 51.93
287.223,location,-24.61, 1.32, 52.07
287.9394,jump,-24.19, 1.32, 50.64
287.98,diamond,-24.17, 1.89, 50.34
288.2393,location,-24.11, 3.64, 49.14
289.02,diamond,-24.19, 3.24, 48.04
289.02,diamond,-24.19, 3.24, 48.04
289.1,diamond,-24.22, 2.67, 47.64
289.18,diamond,-24.23, 2.01, 47.34
289.2557,location,-24.23, 1.45, 47.34
289.92,diamond,-23.88, 1.32, 47.70
289.94,diamond,-23.82, 1.32, 47.77
290.272,location,-22.74, 1.32, 48.96
290.72,diamond,-21.06, 1.29, 50.31
290.7885,jump,-20.82, 1.29, 50.50
291.2883,location,-20.38, 4.34, 51.04
291.86,diamond,-20.22, 3.19, 52.03
291.88,diamond,-20.22, 3.06, 52.03
291.9,diamond,-20.22, 2.92, 52.03
292.02,diamond,-20.11, 1.98, 52.62
292.3047,location,-20.03, 1.29, 53.11
292.56,diamond,-19.81, 1.29, 52.78
293.321,location,-17.57, 1.32, 52.16
293.4,diamond,-17.26, 1.32, 52.41
293.4543,jump,-17.10, 1.32, 52.53
294.3373,location,-17.65, 4.27, 51.81
294.96,diamond,-20.21, 1.29, 49.90
295.3536,location,-21.24, 1.29, 49.58
295.7,diamond,-23.02, 1.32, 49.27
295.96,diamond,-24.14, 1.32, 48.70
296.3699,location,-24.18, 1.32, 47.04
296.98,diamond,-23.06, 1.32, 44.63
297.3862,location,-22.83, 1.32, 43.19
298.4026,location,-22.83, 1.32, 43.19
299.4189,location,-20.46, 1.29, 47.26
300.4352,location,-21.98, 1.32, 52.03
301.18,lock unlockedredKey,-24.36, 1.32, 54.95
301.4515,location,-24.76, 1.32, 55.25
302.4679,location,-24.76, 1.32, 55.25
303.4842,location,-27.24, 1.32, 56.25
304.5005,location,-29.84, 1.32, 56.33
305.5168,location,-29.84, 1.32, 56.33
306.2,hold button enter,-30.31, 1.32, 56.50
306.5331,location,-30.69, 1.32, 56.63
306.76,diamond,-31.08, 1.32, 56.52
307.5495,location,-31.66, 1.32, 56.39
307.6494,jump,-32.15, 1.32, 56.31
307.74,diamond,-32.65, 2.23, 56.23
307.8,hold button leave,-32.94, 2.70, 56.19
308.02,diamond,-34.03, 3.98, 56.02
308.48,diamond,-35.90, 4.30, 56.22
308.5658,location,-36.30, 4.03, 56.28
308.78,diamond,-37.39, 2.81, 56.32
309.5821,location,-38.31, 1.29, 56.37
310.5985,location,-33.84, 1.32, 56.62
310.64,hold button enter,-33.55, 1.32, 56.58
311.6148,location,-32.18, 1.32, 57.10
311.82,hold button leave,-32.22, 1.32, 58.13
312.6311,location,-32.35, 1.32, 62.10
313.6474,location,-32.36, 1.31, 63.61
314.6638,location,-32.59, 1.32, 61.33
315.36,hold button enter,-32.48, 1.32, 57.83
315.6801,location,-32.38, 1.32, 56.23
316.06,hold button leave,-32.21, 1.32, 54.34
316.6964,location,-31.92, 1.32, 51.26
317.7127,location,-31.82, 1.31, 48.26
318.729,location,-31.82, 1.31, 48.26
319.7454,location,-31.87, 1.32, 52.08
320.24,hold button enter,-31.86, 1.32, 54.57
320.7617,location,-32.00, 1.32, 55.86
321.778,location,-32.82, 1.32, 56.62
322.7943,location,-32.82, 1.32, 56.62
323.8107,location,-32.82, 1.32, 56.62
324.827,location,-32.82, 1.32, 56.62
325.8433,location,-31.99, 1.32, 55.34
326.8596,location,-32.03, 1.32, 55.94
327.8759,location,-32.03, 1.32, 55.94
328.8923,location,-32.03, 1.32, 55.94
329.9086,location,-32.03, 1.32, 55.94
330.9249,location,-32.23, 1.32, 56.71
331.9413,location,-32.15, 1.32, 56.02
332.9576,location,-32.15, 1.32, 56.02
333.7073,jump,-32.75, 1.32, 56.04
333.82,hold button leave,-33.35, 2.39, 56.06
333.9739,location,-34.05, 3.37, 56.09
334.9902,location,-38.42, 1.64, 56.33
336.0065,location,-39.26, 1.29, 58.79
337.0229,location,-40.14, 1.32, 63.77
338.0392,location,-40.72, 1.32, 65.58
339.0555,location,-44.93, 1.32, 64.65
340.0718,location,-47.35, 1.31, 62.49
341.0882,location,-47.91, 1.32, 57.42
342.1045,location,-47.97, 1.32, 52.32
343.1208,location,-48.15, 1.31, 49.00
344.1371,location,-47.39, 1.32, 51.08
345.1534,location,-45.43, 1.29, 51.58
346.1698,location,-45.88, 1.32, 49.67
347.1861,location,-45.46, 1.32, 48.03
348.2024,location,-45.46, 1.32, 48.03
349.2187,location,-45.46, 1.32, 48.03
350.2351,location,-45.46, 1.32, 48.03
351.2514,location,-45.46, 1.32, 48.03
352.2677,location,-43.54, 1.29, 50.48
353.2841,location,-43.53, 1.29, 52.53
354.3004,location,-42.19, 1.29, 51.34
355.3167,location,-42.15, 1.32, 49.33
356.333,location,-42.26, 1.32, 48.03
357.3493,location,-41.86, 1.32, 48.04
358.3656,location,-37.22, 1.32, 49.60
359.382,location,-33.79, 1.31, 48.68
360.3983,location,-33.01, 1.31, 48.52
361.4146,location,-31.61, 1.31, 49.76
362.4309,location,-33.08, 1.32, 52.12
363.4472,location,-33.08, 1.32, 52.12
364.4636,location,-33.08, 1.32, 52.12
365.4799,location,-33.08, 1.32, 52.12
366.28,hold button enter,-33.58, 1.32, 55.81
366.42,hold button leave,-33.78, 1.32, 56.48
366.4962,location,-33.90, 1.32, 56.76
367.5125,location,-35.62, 1.29, 59.13
368.5288,location,-36.73, 1.29, 61.31
369.5452,location,-34.65, 1.29, 62.13
370.5615,location,-34.65, 1.29, 62.13
371.5779,location,-33.09, 1.31, 63.69
372.1443,jump,-32.80, 1.31, 63.97
372.5942,location,-32.80, 4.18, 63.97
373.6105,location,-34.41, 1.32, 65.41
374.6268,location,-39.49, 1.32, 65.27
375.6431,location,-44.57, 1.32, 64.92
376.6595,location,-48.58, 1.31, 64.58
377.6758,location,-48.11, 1.32, 59.58
378.6921,location,-48.18, 1.32, 54.48
378.9254,jump,-48.24, 1.32, 53.28
379.7084,location,-48.17, 4.40, 49.39
380.5415,jump,-48.48, 1.31, 48.83
380.7247,location,-48.63, 2.83, 48.05
381.7411,location,-46.21, 1.87, 47.22
382.7574,location,-46.21, 1.31, 47.22
383.7737,location,-46.80, 1.31, 48.06
384.79,location,-49.05, 1.32, 51.00
385.8063,location,-49.37, 1.32, 51.94
386.8227,location,-47.77, 1.32, 51.86
387.839,location,-42.77, 1.29, 51.64
388.8553,location,-37.85, 1.29, 52.27
389.8716,location,-33.88, 1.32, 55.07
390,hold button enter,-33.31, 1.32, 55.33
390.8879,location,-32.07, 1.32, 56.45
391.9043,location,-32.07, 1.32, 56.45
392.9206,location,-32.95, 1.32, 56.29
393.937,location,-32.95, 1.32, 56.29
394.9532,location,-32.95, 1.32, 56.29
395.9696,location,-32.95, 1.32, 56.29
396.9859,location,-32.95, 1.32, 56.29
398.0022,location,-32.95, 1.32, 56.29
399.0185,location,-32.95, 1.32, 56.29
400.0349,location,-32.95, 1.32, 56.29
401.0512,location,-32.33, 1.32, 56.65
402.0675,location,-32.33, 1.32, 56.65
403.0839,location,-32.33, 1.32, 56.65
404.1002,location,-32.33, 1.32, 56.65
405.1165,location,-32.37, 1.32, 56.05
405.94,hold button leave,-33.82, 1.32, 56.59
405.9828,jump,-34.02, 1.32, 56.60
406.1328,location,-34.72, 2.53, 56.67
407.06,gun,-39.41, 4.20, 56.56
407.0992,jump,-39.51, 4.25, 56.55
407.1491,location,-39.81, 4.82, 56.53
407.16,diamond,-39.91, 5.00, 56.52
407.26,diamond,-40.40, 5.80, 56.48
408.1654,location,-41.06, 5.96, 55.74
409.1818,location,-39.36, 6.00, 56.06
409.6816,shoot,-39.66, 6.00, 56.32
410.1981,location,-39.66, 6.00, 56.32
410.8812,shoot,-40.25, 6.00, 55.64
411.2145,location,-40.25, 6.00, 55.64
412.0142,shoot,-40.25, 6.00, 55.64
412.2308,location,-40.25, 6.00, 55.64
413.2471,location,-40.25, 6.00, 55.64
413.2971,shoot,-40.25, 6.00, 55.64
414.2634,location,-40.93, 1.29, 55.05
415.2797,location,-44.18, 1.29, 51.66
415.513,shoot,-45.06, 1.29, 50.85
416.2961,location,-45.97, 1.32, 50.07
417.3124,location,-44.16, 1.29, 51.23
418.1787,shoot,-45.83, 1.29, 50.98
418.3287,location,-45.83, 1.29, 50.98
419.345,location,-47.03, 1.32, 51.04
420.3613,location,-47.36, 1.32, 53.11
421.3777,location,-47.36, 1.32, 53.11
421.8275,shoot,-47.36, 1.32, 53.11
422.394,location,-47.36, 1.32, 53.11
423.4103,location,-46.36, 1.32, 50.78
423.6269,shoot,-46.36, 1.32, 50.78
424.4266,location,-46.36, 1.32, 50.78
425.443,location,-42.15, 1.29, 50.56
426.4593,location,-38.14, 1.32, 48.50
427.4756,location,-35.36, 1.32, 47.63
428.4919,location,-34.84, 1.32, 47.93
428.6419,shoot,-34.84, 1.32, 47.93
429.5082,location,-34.84, 1.32, 47.93
429.6915,shoot,-34.84, 1.32, 47.93
430.5246,location,-34.88, 1.32, 48.02
431.5409,location,-34.85, 1.29, 52.70
432.18,hold button enter,-33.22, 1.32, 55.16
432.5572,location,-32.35, 1.32, 55.88
433.5735,location,-32.53, 1.32, 56.62
434.3733,shoot,-32.53, 1.32, 56.62
434.5899,location,-32.53, 1.32, 56.62
435.6062,location,-32.53, 1.32, 56.62
436.6225,location,-32.61, 1.32, 57.12
436.8,hold button leave,-32.69, 1.32, 58.01
437.5056,shoot,-32.52, 1.32, 61.00
437.6388,location,-32.52, 1.32, 61.00
438.6552,location,-32.52, 1.32, 61.00
438.8718,shoot,-32.52, 1.32, 61.00
439.24,pole sphere activated,-32.52, 1.32, 61.00
439.6715,location,-32.50, 1.32, 61.90
440.6878,location,-33.31, 1.32, 61.49
441.7041,location,-38.33, 1.32, 62.35
442.7205,location,-43.08, 1.29, 61.99
443.7368,location,-47.35, 1.32, 61.36
444.5365,shoot,-47.35, 1.32, 61.36
444.7531,location,-47.35, 1.32, 61.36
444.82,pole sphere activated,-47.35, 1.32, 61.36
445.7694,location,-47.35, 1.32, 61.36
446.7857,location,-44.35, 1.29, 61.63
447.8021,location,-43.85, 1.29, 59.42
448.8184,location,-42.46, 1.29, 60.06
449.8347,location,-40.39, 1.32, 64.17
450.24,diamond,-40.23, 1.32, 66.16
450.38,diamond,-40.11, 1.32, 66.83
450.52,diamond,-40.01, 1.32, 67.49
450.68,diamond,-40.10, 1.32, 68.28
450.84,diamond,-40.24, 1.32, 69.07
450.851,location,-40.24, 1.32, 69.07
451,diamond,-40.17, 1.32, 69.84
451.16,diamond,-39.82, 1.32, 70.49
451.3,diamond,-39.84, 1.32, 71.18
451.44,diamond,-39.88, 1.32, 71.88
451.6,diamond,-39.91, 1.32, 72.68
451.74,diamond,-39.93, 1.32, 73.38
451.8673,location,-39.95, 1.32, 73.98
451.88,diamond,-39.95, 1.32, 74.08
452.04,diamond,-39.96, 1.32, 74.88
452.2,diamond,-39.69, 1.32, 75.57
452.38,diamond,-39.50, 1.32, 76.39
452.52,diamond,-39.52, 1.32, 77.09
452.68,diamond,-39.54, 1.32, 77.89
452.82,diamond,-39.56, 1.32, 78.59
452.8837,location,-39.57, 1.32, 78.89
452.96,diamond,-39.59, 1.32, 79.29
453.1,diamond,-39.61, 1.32, 79.99
453.26,diamond,-39.63, 1.32, 80.79
453.42,diamond,-39.66, 1.32, 81.58
453.56,diamond,-39.68, 1.32, 82.28
453.7,diamond,-39.70, 1.32, 82.98
453.9,location,-39.73, 1.32, 83.88
454.9163,location,-39.88, 1.33, 88.98
455.9326,location,-40.69, 1.33, 90.36
456.949,location,-40.66, 1.33, 91.11
457.9653,location,-40.05, 1.33, 96.08
458.14,diamond,-39.97, 1.33, 96.98
458.14,diamond,-39.97, 1.33, 96.98
458.18,diamond,-39.96, 1.33, 97.18
458.2,diamond,-39.95, 1.33, 97.28
458.2,diamond,-39.95, 1.33, 97.28
458.22,diamond,-39.94, 1.33, 97.38
458.62,diamond,-39.91, 1.33, 97.78
458.62,diamond,-39.91, 1.33, 97.78
458.68,diamond,-39.89, 1.33, 98.08
458.68,diamond,-39.89, 1.33, 98.08
458.68,diamond,-39.89, 1.33, 98.08
458.7,diamond,-39.89, 1.33, 98.08
458.9816,location,-39.89, 1.33, 98.08
459.0316,jump,-39.89, 1.33, 98.08
459.998,location,-39.89, 2.38, 98.08
461.0143,location,-39.89, 1.33, 98.08
462.0306,location,-39.79, 1.33, 97.49
463.0469,location,-39.79, 1.33, 97.49
464.0632,location,-39.79, 1.33, 97.49
465.0796,location,-39.79, 1.33, 97.49
466.0959,location,-39.79, 1.33, 97.49
467.1122,location,-39.95, 1.33, 98.06
468.1287,location,-39.95, 1.33, 98.06
469.1449,location,-39.95, 1.33, 98.06
470.1612,location,-39.95, 1.33, 98.06
471.1775,location,-39.95, 1.33, 98.06
472.1938,location,-39.95, 1.33, 98.06
473.2101,location,-39.95, 1.33, 98.06
474.2265,location,-39.95, 1.33, 98.06
475.2428,location,-39.95, 1.33, 98.06
476.2592,location,-39.95, 1.33, 98.06
477.2754,location,-39.95, 1.33, 98.06
478.2918,location,-39.84, 1.33, 95.77
479.08,diamond,-39.89, 1.33, 91.78
479.18,diamond,-39.97, 1.33, 91.29
479.2,diamond,-39.97, 1.33, 91.29
479.3081,location,-39.97, 1.33, 91.29
479.66,diamond,-41.04, 1.33, 91.16
479.96,diamond,-42.08, 1.33, 92.23
480.3244,location,-42.08, 1.33, 92.23
480.56,diamond,-42.98, 1.33, 92.27
480.72,diamond,-43.74, 1.33, 92.52
480.94,diamond,-44.75, 1.33, 92.93
481.18,diamond,-45.60, 1.33, 93.71
481.3407,location,-46.01, 1.33, 94.40
481.42,diamond,-46.18, 1.33, 94.75
481.6,diamond,-46.31, 1.33, 95.64
481.84,diamond,-46.38, 1.33, 96.84
482.06,diamond,-46.48, 1.33, 97.93
482.28,diamond,-46.59, 1.33, 99.03
482.3571,location,-46.61, 1.33, 99.33
482.5,diamond,-46.55, 1.33, 100.10
482.74,diamond,-45.82, 1.33, 101.03
482.92,diamond,-45.24, 1.33, 101.72
483.16,diamond,-44.46, 1.33, 102.63
483.3,diamond,-44.02, 1.33, 103.18
483.3734,location,-43.83, 1.33, 103.41
483.54,diamond,-43.12, 1.33, 103.87
483.72,diamond,-42.35, 1.33, 104.34
483.96,diamond,-41.22, 1.33, 104.60
484.14,diamond,-40.32, 1.33, 104.53
484.36,diamond,-39.23, 1.33, 104.38
484.3897,location,-39.13, 1.33, 104.37
484.56,diamond,-38.24, 1.33, 104.26
484.8,diamond,-37.10, 1.33, 104.02
484.98,diamond,-36.34, 1.33, 103.57
485.22,diamond,-35.71, 1.33, 102.55
485.4,diamond,-35.09, 1.33, 101.90
485.4061,location,-35.09, 1.33, 101.90
485.62,diamond,-34.29, 1.33, 101.14
485.94,diamond,-33.35, 1.33, 99.85
486.18,diamond,-33.14, 1.33, 98.68
486.4,diamond,-33.24, 1.33, 97.60
486.4223,location,-33.28, 1.33, 97.51
486.66,diamond,-33.75, 1.33, 96.41
486.84,diamond,-33.96, 1.33, 95.53
487.08,diamond,-34.21, 1.33, 94.36
487.26,diamond,-34.54, 1.33, 93.52
487.4387,location,-34.91, 1.33, 92.82
487.52,diamond,-35.30, 1.33, 92.51
487.64,diamond,-35.82, 1.33, 92.21
487.88,diamond,-36.86, 1.33, 91.61
488.455,location,-39.19, 1.33, 91.63
489.4713,location,-40.22, 1.33, 95.23
490.4876,location,-40.60, 1.33, 97.30
491.504,location,-42.25, 1.33, 95.77
492.5203,location,-42.98, 1.33, 97.65
493.5366,location,-42.03, 1.33, 95.52
494.5529,location,-41.68, 1.33, 95.24
495.5692,location,-37.53, 1.33, 93.98
496.5856,location,-35.00, 1.33, 97.95
497.6019,location,-37.92, 1.33, 101.75
498.6182,location,-42.23, 1.33, 101.66
499.6346,location,-46.33, 1.33, 98.79
500.6508,location,-51.41, 1.35, 98.56
501.6672,location,-56.46, 1.35, 97.89
502.6836,location,-56.46, 1.35, 97.89
503.6999,location,-56.46, 1.35, 97.89
504.7162,location,-57.74, 1.35, 101.55
505.7325,location,-57.00, 1.35, 102.04
506.7488,location,-57.04, 1.35, 97.84
507.7651,location,-57.79, 1.35, 93.78
507.7818,jump,-57.87, 1.35, 93.71
508.7815,location,-60.62, 8.07, 91.09
509.7978,location,-61.27, 3.45, 90.33
510.8141,location,-61.27, 7.65, 90.33
511.8304,location,-62.03, 3.45, 89.85
512.8134,jump,-62.06, 7.37, 89.76
512.8467,location,-62.13, 7.82, 89.57
513.863,location,-64.06, 9.52, 85.94
514.04,diamond,-64.83, 9.33, 85.46
514.06,diamond,-64.91, 9.33, 85.41
514.8794,location,-65.50, 9.33, 85.33
515.8957,location,-65.50, 9.33, 85.33
516.3456,jump,-65.43, 9.33, 84.73
516.46,diamond,-65.35, 10.40, 84.14
516.912,location,-65.34, 11.04, 84.04
517.56,diamond,-65.31, 9.33, 82.54
517.7951,jump,-65.34, 9.33, 81.44
517.86,diamond,-65.34, 10.08, 81.04
517.9283,location,-65.34, 10.57, 80.74
518.58,diamond,-65.42, 10.90, 79.54
518.9447,location,-65.51, 9.33, 78.35
519.04,diamond,-65.51, 9.33, 77.85
519.34,diamond,-65.53, 9.33, 76.35
519.68,diamond,-65.53, 9.33, 74.65
519.961,location,-65.53, 9.33, 73.25
520.08,diamond,-65.53, 9.33, 72.65
520.9774,location,-65.51, 9.33, 71.15
521.3272,shoot,-65.49, 9.33, 70.25
521.9937,location,-65.49, 9.33, 70.25
523.0099,location,-65.58, 9.33, 71.94
524.0262,location,-65.71, 9.33, 76.69
525.0426,location,-65.41, 9.33, 81.40
526.0589,location,-66.67, 9.33, 85.89
527.0753,location,-72.42, 9.52, 87.85
528.0916,location,-68.68, 9.52, 88.65
529.1079,location,-66.72, 6.37, 89.62
530.1242,location,-67.67, 1.35, 89.06
531.1406,location,-64.92, 1.35, 89.83
532.1569,location,-62.95, 1.35, 93.28
532.3401,jump,-62.37, 1.35, 92.47
533.1732,location,-61.74, 7.09, 89.78
534.1895,location,-61.74, 4.01, 89.78
535.2058,location,-62.11, 7.09, 89.44
535.3224,jump,-62.30, 7.93, 89.21
536.2222,location,-64.18, 10.57, 87.00
537.2385,location,-65.13, 9.33, 86.53
538.2548,location,-66.11, 9.49, 87.58
539.2712,location,-69.94, 9.52, 90.11
540.2875,location,-69.94, 1.35, 90.11
541.3038,location,-67.63, 1.35, 90.70
542.3201,location,-64.57, 1.35, 91.17
542.4534,jump,-64.00, 1.35, 91.17
543.3364,location,-61.50, 7.09, 89.89
543.603,jump,-60.17, 8.77, 90.23
544.3528,location,-57.74, 11.94, 91.99
544.64,diamond,-57.43, 10.86, 92.24
545.3691,location,-56.89, 9.96, 92.69
545.74,diamond,-57.59, 10.03, 92.78
546.3855,location,-58.46, 10.10, 93.22
546.68,diamond,-58.81, 10.08, 94.05
547.14,diamond,-59.28, 10.25, 95.78
547.4017,location,-59.27, 10.16, 97.07
547.42,diamond,-59.25, 10.15, 97.17
547.76,diamond,-58.99, 10.02, 98.85
548.14,diamond,-58.65, 9.98, 100.71
548.418,location,-57.72, 9.69, 101.61
548.46,diamond,-57.51, 9.69, 101.82
549.4344,location,-57.39, 9.97, 103.73
550.4507,location,-59.15, 10.22, 99.85
551.467,location,-59.30, 10.10, 94.76
552.4833,location,-59.30, 10.09, 94.66
553.4997,location,-61.67, 5.30, 92.43
554.516,location,-63.17, 1.35, 92.42
554.9825,jump,-62.88, 1.35, 92.45
555.5323,location,-61.58, 4.41, 92.45
556.5487,location,-62.33, 1.35, 94.13
557.5649,location,-62.08, 1.35, 93.59
558.5813,location,-61.91, 1.35, 92.81
558.7646,jump,-61.71, 1.35, 92.40
559.5976,location,-61.13, 6.67, 90.33
560.614,location,-61.23, 4.57, 90.30
561.6303,location,-61.78, 6.39, 90.06
562.6466,location,-61.78, 4.71, 90.06
563.6628,location,-62.06, 6.39, 89.78
563.7462,jump,-62.34, 6.95, 89.50
564.6792,location,-64.38, 9.69, 87.16
565.6956,location,-65.23, 9.33, 86.52
566.7119,location,-67.08, 9.33, 86.96
567.6616,jump,-67.93, 9.52, 88.40
567.7283,location,-68.15, 10.08, 88.20
568.7445,location,-71.71, 9.73, 86.49
568.84,diamond,-72.08, 9.33, 86.15
569,diamond,-72.77, 9.33, 85.75
569.1111,jump,-73.22, 9.33, 85.54
569.14,diamond,-73.40, 9.71, 85.45
569.16,diamond,-73.49, 9.90, 85.41
569.24,diamond,-73.85, 10.57, 85.24
569.64,diamond,-74.52, 11.04, 85.10
569.66,diamond,-74.62, 11.04, 85.09
569.7609,location,-75.12, 11.04, 85.07
569.8,diamond,-75.32, 11.02, 85.06
569.9,diamond,-75.82, 10.89, 85.04
570.444,jump,-76.72, 9.33, 84.98
570.46,diamond,-76.82, 9.52, 84.97
570.52,diamond,-77.12, 10.06, 84.95
570.7772,location,-78.11, 11.04, 84.88
571.7935,location,-78.11, 9.33, 84.88
572.02,diamond,-78.11, 9.33, 85.18
572.74,diamond,-77.28, 9.33, 86.05
572.8098,location,-77.00, 9.33, 86.16
572.9,diamond,-76.51, 9.33, 86.22
573.26,diamond,-75.81, 9.33, 86.19
573.8261,location,-74.22, 9.33, 86.18
574.8425,location,-75.50, 9.33, 85.62
575.4,diamond,-77.78, 9.33, 85.92
575.7088,jump,-78.26, 9.33, 87.35
575.8588,location,-78.48, 10.56, 88.01
576.8751,location,-78.65, 10.67, 91.77
576.88,diamond,-78.63, 10.51, 91.87
577.8,diamond,-77.47, 9.95, 92.72
577.8914,location,-77.31, 9.89, 93.09
578.2,diamond,-76.64, 9.69, 94.54
578.6,diamond,-75.81, 10.10, 96.02
578.9,diamond,-76.07, 10.00, 97.50
578.9077,location,-76.07, 10.00, 97.50
579.26,diamond,-76.09, 10.06, 99.30
579.62,diamond,-76.48, 9.90, 101.05
579.9241,location,-77.41, 9.85, 102.14
580,diamond,-77.75, 9.86, 102.35
580.9404,location,-78.81, 10.07, 103.51
581.9567,location,-77.95, 10.06, 103.42
582.973,location,-77.80, 10.07, 103.30
583.9894,location,-74.74, 10.03, 99.59
585.0057,location,-74.19, 9.40, 95.41
586.022,location,-69.61, 1.35, 94.24
587.0385,location,-68.88, 1.35, 95.67
588.0547,location,-69.13, 1.35, 100.75
589,lock unlockedredKey,-69.55, 1.35, 105.53
589.071,location,-69.58, 1.35, 105.83
590.0873,location,-69.56, 1.35, 106.08
591.1036,location,-69.25, 1.35, 104.72
592.1199,location,-70.35, 1.35, 108.81
592.6031,jump,-72.33, 1.35, 109.51
592.66,diamond,-72.61, 1.91, 109.61
593.1363,location,-74.79, 4.39, 110.35
593.62,diamond,-77.18, 3.49, 111.08
593.74,diamond,-77.18, 2.72, 111.08
594.1526,location,-77.26, 1.35, 112.08
594.1859,jump,-77.26, 1.35, 112.28
594.34,diamond,-77.27, 2.73, 113.08
594.54,diamond,-77.31, 3.91, 114.08
594.68,diamond,-77.36, 4.38, 114.78
595.1689,location,-77.38, 3.75, 115.67
595.38,diamond,-77.37, 2.31, 116.77
596.1353,jump,-76.86, 1.35, 117.06
596.1852,location,-76.60, 1.92, 116.92
597.2015,location,-74.96, 3.42, 116.62
597.5015,jump,-76.12, 1.35, 116.09
598.2179,location,-76.06, 4.54, 114.65
599.2342,location,-76.04, 1.35, 112.39
600.2505,location,-72.59, 1.35, 110.14
601.08,diamond,-70.16, 1.35, 112.76
601.16,diamond,-69.87, 1.35, 113.03
601.2,diamond,-69.72, 1.35, 113.17
601.2002,jump,-69.72, 1.35, 113.17
601.24,diamond,-69.57, 1.73, 113.30
601.2669,location,-69.50, 1.81, 113.37
601.48,diamond,-68.74, 1.90, 114.16
601.48,diamond,-68.74, 1.90, 114.16
601.82,diamond,-68.45, 2.10, 115.82
601.82,diamond,-68.45, 2.10, 115.82
602.2832,location,-70.21, 1.35, 117.02
603.2995,location,-68.08, 1.35, 117.91
603.68,diamond,-66.14, 1.35, 118.37
604.3159,location,-63.08, 1.35, 118.52
604.44,diamond,-62.38, 1.35, 118.52
605.3322,location,-61.29, 1.35, 116.11
605.54,diamond,-61.19, 1.35, 115.01
606.3484,location,-60.65, 1.35, 112.66
606.66,diamond,-60.91, 1.35, 111.14
607.3648,location,-63.95, 1.35, 110.29
607.46,diamond,-64.45, 1.35, 110.29
608.3811,location,-68.00, 1.35, 108.86
609.3974,location,-72.66, 1.35, 109.29
610.4138,location,-75.64, 1.35, 111.53
611.4301,location,-76.12, 1.35, 116.34
612.4464,location,-72.76, 1.35, 116.76
613.4628,location,-71.46, 1.35, 120.73
614.46,diamond,-73.21, 1.35, 125.35
614.4791,location,-73.21, 1.35, 125.35
614.4958,jump,-73.21, 1.35, 125.45
615.4954,location,-73.65, 3.80, 129.42
615.62,diamond,-73.65, 2.95, 129.42
616.5117,location,-72.58, 1.35, 129.67
616.6116,jump,-72.10, 1.35, 129.78
616.64,diamond,-71.90, 1.74, 129.81
617.5281,location,-70.12, 4.11, 129.88
617.72,diamond,-69.72, 3.03, 129.95
618.38,diamond,-68.14, 1.35, 130.12
618.4111,jump,-68.04, 1.35, 130.12
618.5444,location,-67.34, 2.59, 130.11
619.54,diamond,-65.90, 2.89, 129.68
619.5607,location,-65.90, 2.75, 129.68
620.06,diamond,-65.73, 1.35, 128.80
620.1105,jump,-65.71, 1.35, 128.60
620.577,location,-65.48, 4.32, 127.74
621.26,diamond,-65.23, 2.75, 126.87
621.5933,location,-65.23, 1.35, 126.87
622.3763,jump,-66.79, 1.35, 126.13
622.6096,location,-66.79, 3.31, 125.77
623.626,location,-66.48, 2.02, 123.99
623.9425,jump,-66.16, 1.35, 123.43
624.6423,location,-65.22, 4.75, 121.00
625.3087,jump,-65.09, 1.35, 118.53
625.6586,location,-65.14, 3.87, 116.91
626.6749,location,-65.86, 3.33, 116.62
627.6912,location,-66.66, 1.35, 120.51
628.7076,location,-64.90, 1.35, 119.37
629.7239,location,-60.97, 1.35, 116.88
630.7402,location,-60.66, 1.35, 112.36
631.7565,location,-64.01, 1.35, 111.08
632.7729,location,-67.68, 1.35, 108.65
633.7892,location,-69.91, 1.35, 105.48
634.8055,location,-69.19, 1.35, 101.75
635.8219,location,-69.51, 1.35, 103.92
636.8381,location,-69.82, 1.35, 107.21
637.1214,jump,-69.61, 1.35, 108.69
637.8545,location,-69.28, 5.30, 111.37
638.8708,location,-69.51, 6.17, 114.06
639.86,diamond,-66.46, 5.35, 114.01
639.88,diamond,-66.37, 5.35, 114.03
639.8871,location,-66.37, 5.35, 114.03
639.9,diamond,-66.27, 5.35, 114.05
640.9034,location,-65.08, 5.35, 114.25
641.9197,location,-68.03, 5.48, 114.12
642.9361,location,-69.59, 6.13, 114.48
643.0194,jump,-69.79, 6.08, 114.47
643.9525,location,-73.12, 8.83, 115.58
644.9688,location,-73.12, 5.35, 115.58
645.1687,jump,-73.20, 5.30, 116.27
645.38,diamond,-73.32, 7.13, 117.31
645.38,diamond,-73.32, 7.13, 117.31
645.44,diamond,-73.36, 7.49, 117.61
645.9851,location,-73.48, 8.36, 118.60
646.26,diamond,-73.50, 7.09, 118.90
646.8514,jump,-73.48, 6.17, 119.92
647.0014,location,-73.46, 7.58, 119.94
647.12,diamond,-73.43, 8.40, 120.44
647.14,diamond,-73.42, 8.51, 120.54
647.16,diamond,-73.41, 8.62, 120.64
647.24,diamond,-73.39, 8.98, 121.04
647.8011,jump,-73.37, 9.29, 122.31
647.92,diamond,-73.38, 10.40, 122.77
647.94,diamond,-73.38, 10.55, 122.87
647.98,diamond,-73.38, 10.85, 123.07
648.0177,location,-73.39, 10.99, 123.17
648.08,diamond,-73.39, 11.48, 123.57
649.0341,location,-73.40, 10.49, 124.47
649.18,diamond,-72.61, 10.51, 124.32
649.18,diamond,-72.61, 10.51, 124.32
649.5839,jump,-72.52, 10.52, 124.31
649.64,diamond,-72.52, 11.08, 124.31
649.74,diamond,-72.42, 11.89, 124.30
650.0504,location,-71.62, 13.44, 124.23
651.0667,location,-70.83, 10.59, 123.87
651.22,diamond,-70.63, 10.58, 123.87
651.22,diamond,-70.63, 10.58, 123.87
651.3,diamond,-70.23, 10.57, 123.87
651.8831,jump,-69.43, 10.56, 123.87
651.98,diamond,-69.43, 11.46, 123.87
652.083,location,-69.43, 12.21, 123.87
653.0993,location,-68.74, 11.46, 123.92
653.4,diamond,-68.34, 10.68, 123.95
653.4,diamond,-68.34, 10.68, 123.95
653.46,diamond,-68.04, 10.67, 123.97
653.7824,jump,-67.54, 10.65, 124.00
653.88,diamond,-67.54, 11.55, 124.00
654.1157,location,-67.54, 13.00, 124.00
655.132,location,-66.94, 10.63, 124.04
655.3,diamond,-66.04, 10.60, 124.09
655.3,diamond,-66.04, 10.60, 124.09
655.38,diamond,-65.64, 10.58, 124.12
656.1483,location,-65.44, 10.58, 124.13
656.8314,jump,-65.44, 10.58, 124.13
656.94,diamond,-65.44, 11.66, 124.13
657.1646,location,-65.44, 13.08, 124.13
658.1809,location,-65.44, 10.58, 124.13
659.1974,location,-65.44, 10.58, 124.13
660.2136,location,-66.21, 10.65, 123.90
661.23,location,-68.46, 10.64, 124.12
662.2462,location,-69.93, 10.57, 123.84
662.6462,jump,-69.92, 10.48, 124.24
663.2625,location,-69.85, 13.68, 127.34
663.68,green key,-69.85, 12.57, 129.44
664.2789,location,-69.79, 12.32, 131.14
665.2952,location,-69.34, 12.19, 128.88
665.3285,jump,-69.30, 12.15, 128.69
666.3116,location,-68.38, 14.21, 123.87
667.3278,location,-66.74, 4.74, 119.06
667.8278,jump,-66.38, 1.35, 116.70
668.3442,location,-66.01, 4.45, 116.70
669.3605,location,-64.96, 3.37, 116.63
670.3768,location,-60.99, 1.35, 114.57
671.2765,jump,-60.96, 1.35, 114.22
671.3931,location,-61.40, 2.49, 114.09
672.4095,location,-62.87, 3.45, 113.82
672.6427,jump,-62.87, 3.44, 113.80
673.12,diamond,-64.40, 6.45, 113.78
673.4258,location,-65.30, 6.54, 113.78
674.4421,location,-67.28, 1.56, 110.49
675.4584,location,-67.14, 1.35, 106.74
676.4747,location,-64.58, 1.35, 102.60
677.4911,location,-61.75, 1.35, 101.39
678.5074,location,-62.02, 1.35, 100.49
679.5237,jump,-61.11, 1.35, 95.79
679.5237,location,-61.11, 1.35, 95.79
680.54,location,-60.85, 3.55, 94.72
681.4231,jump,-60.71, 1.35, 93.42
681.5563,location,-60.65, 2.41, 92.83
682.5727,location,-60.48, 2.68, 93.14
683.3058,jump,-60.51, 1.35, 93.34
683.589,location,-60.33, 3.79, 91.95
684.6053,location,-61.28, 7.65, 88.39
685.0052,jump,-62.51, 4.85, 88.34
685.6217,location,-62.19, 7.91, 89.35
686.638,location,-64.69, 3.92, 88.36
687.6543,location,-64.11, 1.35, 90.24
688.6707,location,-61.61, 1.35, 93.52
689.637,jump,-60.63, 1.35, 92.98
689.687,location,-60.68, 1.92, 92.68
690.7032,location,-60.92, 3.35, 93.53
691.5197,jump,-60.83, 1.35, 93.92
691.7196,location,-60.94, 3.05, 92.93
692.736,location,-61.60, 8.07, 90.08
693.7523,location,-61.54, 3.03, 90.64
694.5353,jump,-62.09, 8.49, 89.69
694.7686,location,-62.68, 10.51, 88.65
695.785,location,-63.47, 9.33, 83.86
696.8012,location,-63.45, 9.33, 78.76
697.8176,location,-64.18, 9.33, 74.35
698.76,lock unlockedgreenKey,-64.81, 9.33, 69.97
698.8339,location,-64.82, 9.33, 69.67
699.8502,location,-64.91, 9.33, 70.30
700.8665,location,-64.90, 9.33, 69.90
701.66,diamond,-63.18, 9.33, 66.91
701.68,diamond,-63.08, 9.33, 66.88
701.86,diamond,-62.31, 9.33, 66.43
701.8828,location,-62.23, 9.33, 66.37
701.92,diamond,-62.07, 9.33, 66.25
701.92,diamond,-62.07, 9.33, 66.25
701.9328,jump,-62.07, 9.33, 66.25
701.96,diamond,-61.91, 9.71, 66.13
701.96,diamond,-61.91, 9.71, 66.13
702.02,diamond,-61.67, 10.24, 65.95
702.86,diamond,-61.42, 10.45, 65.77
702.8992,location,-61.42, 10.36, 65.77
703.9155,location,-63.81, 9.33, 64.20
704.3,diamond,-64.82, 9.33, 62.48
704.9318,location,-65.55, 9.33, 62.08
705.12,diamond,-66.55, 9.33, 61.96
705.68,diamond,-69.33, 9.34, 61.70
705.9481,location,-70.63, 9.34, 61.65
706.14,diamond,-71.63, 9.34, 61.61
706.54,diamond,-73.63, 9.34, 61.53
706.9644,location,-75.73, 9.34, 61.54
707.08,diamond,-76.32, 9.34, 61.60
707.52,diamond,-78.51, 9.34, 61.81
707.88,diamond,-80.30, 9.34, 61.64
707.9808,location,-80.80, 9.34, 61.60
708.54,yellow key,-83.60, 9.34, 61.44
708.9971,location,-85.29, 9.34, 61.42
710.0134,location,-82.23, 9.34, 61.07
711.0297,location,-77.14, 9.34, 61.34
712.0461,location,-72.04, 9.34, 61.57
713.0624,location,-67.05, 9.33, 61.53
714.0787,location,-64.08, 9.33, 62.59
715.095,location,-65.67, 9.33, 66.99
716.1113,location,-66.24, 9.33, 72.05
717.1277,location,-65.11, 9.33, 76.48
718.144,location,-65.97, 9.33, 80.99
719.1603,location,-66.60, 9.33, 81.73
720.1766,location,-65.18, 9.33, 79.79
721.193,location,-64.87, 9.33, 78.89
722.2093,location,-66.61, 9.33, 74.19
723.2256,location,-66.90, 9.33, 73.40
724.2419,location,-66.45, 9.33, 73.94
725.2583,location,-64.81, 9.33, 78.20
726.2746,location,-66.12, 9.33, 82.88
727.291,location,-67.64, 9.33, 86.80
727.8074,jump,-67.59, 9.52, 88.01
728.3073,location,-68.97, 12.58, 89.84
729.3235,location,-71.16, 7.42, 93.72
730.3399,location,-68.92, 1.35, 92.64
730.86,lock unlockedyellowKey,-69.03, 1.35, 89.95
731.3562,location,-69.19, 1.35, 88.31
732.3725,location,-69.10, 1.35, 90.30
733.3889,location,-68.75, 1.33, 85.53
733.54,diamond,-68.70, 1.33, 84.73
734.14,diamond,-68.66, 1.33, 82.53
734.4052,location,-68.69, 1.33, 81.23
734.66,diamond,-68.71, 1.33, 79.93
734.8051,jump,-68.72, 1.33, 79.23
735.4215,location,-68.72, 4.52, 77.83
736.02,diamond,-68.71, 2.13, 76.93
736.4045,jump,-68.73, 1.33, 75.03
736.4378,location,-68.73, 1.52, 74.93
736.52,diamond,-68.77, 2.40, 74.44
737.34,diamond,-68.86, 3.92, 70.34
737.4542,location,-68.89, 3.51, 69.84
738.18,diamond,-69.90, 3.51, 69.78
738.4705,location,-71.30, 3.50, 69.71
738.6,diamond,-71.99, 3.50, 69.66
739.12,diamond,-74.59, 3.57, 69.44
739.4868,location,-76.38, 3.16, 69.32
739.64,diamond,-77.18, 2.75, 69.34
740.02,diamond,-79.08, 1.33, 69.39
740.5031,location,-80.76, 1.33, 69.75
741.1529,jump,-80.55, 1.33, 70.73
741.5194,location,-80.08, 3.92, 72.47
742.3,diamond,-78.52, 2.73, 76.15
742.36,diamond,-78.39, 2.25, 76.41
742.38,diamond,-78.35, 2.08, 76.50
742.38,diamond,-78.35, 2.08, 76.50
742.5358,location,-78.30, 2.05, 76.59
742.86,diamond,-78.13, 2.05, 76.84
742.88,diamond,-78.07, 2.05, 76.92
742.9,diamond,-78.01, 2.05, 77.00
742.92,diamond,-77.95, 2.05, 77.08
742.94,diamond,-77.95, 2.05, 77.08
742.94,diamond,-77.95, 2.05, 77.08
743.3355,jump,-77.95, 2.05, 77.08
743.36,diamond,-77.95, 2.44, 77.08
743.38,diamond,-77.95, 2.62, 77.08
743.44,diamond,-77.95, 3.14, 77.08
743.44,diamond,-77.95, 3.14, 77.08
743.44,diamond,-77.95, 3.14, 77.08
743.48,diamond,-77.95, 3.45, 77.08
743.5,diamond,-77.95, 3.61, 77.08
743.5521,location,-77.95, 3.88, 77.08
743.56,diamond,-77.95, 4.01, 77.08
743.56,diamond,-77.95, 4.01, 77.08
743.66,diamond,-77.95, 4.57, 77.08
743.68,diamond,-77.95, 4.67, 77.08
743.68,diamond,-77.95, 4.67, 77.08
743.74,diamond,-77.95, 4.91, 77.08
743.78,diamond,-77.95, 5.05, 77.08
744.32,diamond,-77.86, 4.51, 77.26
744.42,diamond,-77.62, 3.93, 77.70
744.5684,location,-77.62, 2.86, 77.70
744.64,diamond,-77.62, 2.12, 77.70
745.3848,jump,-77.62, 2.05, 77.70
745.5847,location,-77.62, 3.72, 77.70
745.78,diamond,-77.62, 4.78, 77.70
746.6011,location,-77.62, 2.85, 77.70
747.6174,location,-79.67, 2.01, 79.12
748.6337,location,-81.53, 1.33, 83.78
749.36,diamond,-83.85, 1.33, 85.66
749.65,location,-84.35, 1.33, 86.35
750.34,diamond,-82.39, 1.33, 86.71
750.6497,jump,-80.90, 1.33, 86.84
750.6664,location,-80.80, 1.52, 86.84
751.6827,location,-77.44, 3.47, 86.84
751.92,diamond,-77.64, 1.65, 86.80
752.699,location,-81.36, 1.33, 86.06
753.7153,location,-77.57, 1.33, 86.83
753.78,diamond,-77.18, 1.33, 86.83
754.26,diamond,-74.81, 1.33, 86.84
754.7316,location,-74.01, 1.33, 86.84
755.1315,shoot,-74.01, 1.33, 86.84
755.7479,location,-74.07, 1.33, 86.04
756.3644,shoot,-74.07, 1.33, 86.04
756.7643,location,-74.07, 1.33, 86.04
757.5474,shoot,-74.07, 1.33, 86.04
757.7806,location,-74.07, 1.33, 86.04
758.5803,shoot,-74.07, 1.33, 86.04
758.7969,location,-74.07, 1.33, 86.04
759.6299,shoot,-74.07, 1.33, 86.04
759.8132,location,-74.07, 1.33, 86.04
760.8296,location,-74.07, 1.33, 86.04
761.8459,location,-78.82, 1.33, 84.59
762.1292,shoot,-79.90, 1.33, 84.07
762.52,pole sphere activated,-79.90, 1.33, 84.07
762.8622,location,-79.90, 1.33, 84.07
763.8785,location,-79.39, 1.33, 86.37
764.8949,location,-79.19, 1.33, 81.28
765.528,jump,-78.90, 1.33, 79.97
765.9112,location,-77.88, 4.04, 78.53
766.9276,location,-77.06, 2.05, 78.39
767.9438,location,-76.22, 2.05, 79.38
767.9605,shoot,-76.22, 2.05, 79.38
768.9602,location,-76.55, 2.05, 78.76
769.9765,location,-75.96, 1.33, 74.02
770.243,jump,-75.52, 1.33, 72.69
770.9928,location,-74.49, 4.43, 69.15
771.426,jump,-74.75, 2.92, 68.07
772.0091,location,-73.23, 6.10, 66.92
773.0255,location,-75.02, 5.33, 65.14
774.0417,location,-80.11, 5.33, 64.84
774.38,hold button enter,-81.80, 5.33, 64.87
775.0581,location,-82.88, 5.33, 65.08
776.0744,location,-83.77, 5.33, 65.09
777.0907,location,-82.67, 5.33, 65.15
777.34,hold button leave,-81.37, 5.33, 65.21
778.1071,location,-79.48, 5.33, 65.30
779.1234,location,-81.28, 5.33, 64.09
779.82,hold button enter,-82.28, 5.33, 64.18
780.1397,location,-83.39, 5.33, 65.05
781.1561,location,-83.71, 5.33, 65.43
781.5392,shoot,-83.71, 5.33, 65.43
782.1724,location,-83.35, 5.33, 66.15
783.1221,shoot,-83.28, 5.33, 65.45
783.1887,location,-83.28, 5.33, 65.45
784.205,location,-83.28, 5.33, 65.45
785.2213,location,-83.28, 5.33, 65.45
786.2376,location,-84.01, 5.33, 66.14
787.254,location,-84.01, 5.33, 66.14
788.2703,location,-83.21, 5.33, 66.06
788.62,hold button leave,-81.42, 5.33, 65.89
789.2866,location,-78.29, 5.33, 66.29
790.3029,location,-77.71, 5.33, 66.69
791.3193,location,-77.71, 5.33, 66.69
792.3356,location,-77.71, 5.33, 66.69
793.3519,location,-77.71, 5.33, 66.69
794.3682,location,-77.17, 3.68, 68.07
795.3846,location,-78.05, 1.53, 68.27
796.4009,location,-79.75, 1.33, 71.50
797.4172,location,-78.18, 1.33, 74.95
797.7838,jump,-77.82, 1.33, 74.95
798.4335,location,-77.50, 4.58, 77.96
799.4498,location,-77.49, 2.05, 78.16
800.4662,location,-76.96, 2.05, 78.44
801.4825,location,-73.28, 1.33, 81.59
802.3655,shoot,-71.16, 1.33, 83.72
802.4988,location,-71.16, 1.33, 83.72
803.5151,location,-71.16, 1.33, 83.72
803.8151,shoot,-71.16, 1.33, 83.72
804.5315,location,-71.16, 1.33, 83.72
804.8647,shoot,-71.16, 1.33, 83.72
805.5478,location,-71.16, 1.33, 83.72
806.1143,shoot,-71.16, 1.33, 83.72
806.5641,location,-71.16, 1.33, 83.72
807.1972,shoot,-71.16, 1.33, 83.72
807.5804,location,-71.16, 1.33, 83.72
808.5967,location,-70.90, 1.33, 84.47
809.6131,location,-68.99, 1.35, 88.57
810.6294,location,-68.99, 1.35, 88.57
811.6457,location,-68.99, 1.35, 88.57
811.8123,shoot,-68.99, 1.35, 88.57
812.662,location,-68.99, 1.35, 88.57
813.6784,location,-70.46, 1.33, 86.45
814.6947,location,-72.56, 1.33, 84.18
815.711,location,-73.27, 1.33, 79.54
816.7274,location,-74.96, 1.33, 77.50
816.9106,jump,-74.96, 1.33, 77.26
817.7437,location,-76.98, 4.41, 77.47
818.76,location,-79.19, 2.05, 79.03
819.7763,location,-79.19, 2.05, 79.03
820.7927,location,-79.19, 2.05, 79.03
821.809,location,-79.19, 2.05, 79.03
822.8253,location,-79.19, 2.05, 79.03
823.8417,location,-79.19, 2.05, 79.03
824.8579,location,-79.19, 2.05, 79.03
825.8743,location,-79.19, 2.05, 79.03
826.8906,location,-79.19, 2.05, 79.03
827.9069,location,-79.19, 2.05, 79.03
828.9233,location,-78.56, 2.05, 78.24
829.9395,location,-75.87, 1.33, 74.04
830.4227,jump,-74.75, 1.33, 71.81
830.9559,location,-73.48, 4.37, 69.54
831.9055,jump,-71.72, 2.83, 68.07
831.9722,location,-71.68, 3.39, 68.07
832.9552,jump,-69.29, 5.33, 66.17
832.9885,location,-69.11, 5.71, 66.24
834.0048,location,-68.32, 6.57, 65.04
835.0212,location,-68.32, 5.33, 65.04
836.0375,location,-68.32, 5.33, 65.04
837.0538,location,-69.24, 5.33, 66.70
838.0701,location,-70.60, 1.33, 71.59
839.0865,location,-69.69, 1.33, 76.61
840.1028,location,-69.39, 1.33, 81.69
841.1191,location,-69.39, 1.33, 84.18
842.1354,location,-68.00, 1.33, 86.29
843.1517,location,-66.27, 1.35, 90.80
844.1681,location,-62.69, 1.35, 92.34
844.368,jump,-61.91, 1.35, 92.42
845.1844,location,-62.03, 6.67, 89.95
845.5176,jump,-62.05, 8.63, 89.45
846.2007,location,-63.55, 11.11, 86.38
847.217,location,-65.74, 9.33, 82.30
848.2334,location,-66.91, 9.33, 80.80
848.6998,shoot,-66.91, 9.33, 80.80
849.2497,location,-66.91, 9.33, 80.80
849.8995,shoot,-66.94, 9.33, 81.38
850.266,location,-66.94, 9.33, 81.38
850.9158,shoot,-66.94, 9.33, 81.38
851.2823,location,-66.50, 9.33, 81.79
851.9488,shoot,-66.50, 9.33, 81.79
852.2986,location,-66.58, 9.33, 81.86
853.315,location,-66.58, 9.33, 81.49
853.8315,shoot,-66.58, 9.33, 81.49
854.3313,location,-66.78, 9.33, 81.27
854.8811,shoot,-66.86, 9.33, 81.06
855.3476,location,-66.86, 9.33, 81.06
856.2806,shoot,-66.86, 9.33, 81.06
856.364,location,-66.86, 9.33, 81.06
857.3137,shoot,-66.86, 9.33, 81.06
857.3802,location,-66.86, 9.33, 81.06
858.3966,location,-66.92, 9.33, 81.54
858.7133,shoot,-66.92, 9.33, 81.54
859.4129,location,-66.92, 9.33, 81.54
860.4292,location,-64.77, 9.33, 82.21
861.4456,location,-64.87, 9.33, 84.39
862.4619,location,-65.10, 9.33, 85.11
863.4782,location,-65.85, 9.33, 83.11
864.4945,location,-64.08, 9.33, 78.77
865.5109,location,-64.39, 9.33, 73.92
866.5272,location,-66.03, 9.33, 69.10
867.5435,location,-65.24, 9.33, 66.75
868.5599,location,-67.24, 9.33, 63.62
869.5762,location,-71.22, 9.34, 61.29
870.5925,location,-76.01, 9.34, 61.19
871.6088,location,-80.64, 9.34, 60.37
872.6251,location,-83.88, 9.34, 61.18
873.5915,jump,-84.94, 9.34, 61.42
873.6415,location,-84.94, 9.91, 61.42
874.6578,location,-84.94, 9.84, 61.42
875.6741,location,-82.98, 9.34, 60.81
876.6904,location,-77.95, 9.34, 61.52
877.7067,location,-72.97, 9.34, 61.99
878.7231,location,-67.91, 9.34, 62.60
879.7394,location,-66.24, 9.33, 64.73
880.7557,location,-65.05, 9.33, 69.69
881.772,location,-62.46, 9.33, 73.74
882.7884,location,-63.86, 9.33, 75.50
883.8047,location,-66.62, 9.33, 79.09
884.821,location,-66.70, 9.33, 81.52
885.4541,shoot,-66.70, 9.33, 81.52
885.8373,location,-66.70, 9.33, 81.52
886.8536,location,-66.70, 9.33, 81.52
886.9203,shoot,-66.70, 9.33, 81.52
887.87,location,-66.88, 9.33, 81.13
888.02,shoot,-66.88, 9.33, 81.13
888.8863,location,-66.88, 9.33, 81.13
889.9026,location,-65.70, 9.33, 83.52
890.9189,location,-66.46, 9.33, 85.36
891.9352,location,-69.69, 9.52, 88.53
892.9515,location,-71.37, 3.68, 89.18
893.9679,location,-72.84, 1.35, 92.94
894.9843,location,-70.98, 1.35, 91.43
896.0005,location,-70.05, 1.33, 86.44
897.0168,location,-70.74, 1.33, 85.16
898.0332,location,-70.74, 1.33, 85.16
899.0495,location,-70.74, 1.33, 85.16
900.0659,location,-74.73, 1.33, 82.82
901.0822,location,-79.25, 1.33, 83.05
902.0984,location,-81.16, 1.33, 82.51
902.3484,shoot,-81.16, 1.33, 82.51
903.1148,location,-81.16, 1.33, 82.51
904.1311,location,-82.65, 1.33, 79.97
905.1475,location,-82.65, 1.33, 79.97
906.1638,location,-82.65, 1.33, 79.97
907.1801,location,-80.91, 1.33, 78.52
908.1964,location,-79.96, 1.33, 76.82
908.3464,jump,-79.96, 1.33, 76.88
909.2128,location,-78.02, 4.26, 77.48
910.2291,location,-77.52, 2.05, 77.51
911.2454,location,-76.92, 2.05, 77.55
912.2618,location,-76.92, 2.05, 77.55
912.345,shoot,-76.92, 2.05, 77.55
913.278,location,-77.59, 2.05, 77.98
914.2944,location,-77.59, 2.05, 77.98
915.3107,location,-76.91, 2.05, 77.56
916.327,location,-76.91, 2.05, 77.56
917.3433,location,-76.91, 2.05, 77.56
917.5266,shoot,-76.91, 2.05, 77.56
918.3597,location,-76.91, 2.05, 77.56
919.376,location,-76.91, 2.05, 77.56
920.3923,location,-76.37, 2.05, 78.16
921.4086,location,-76.37, 2.05, 78.16
921.7585,shoot,-76.37, 2.05, 78.16
922.4249,location,-76.37, 2.05, 78.16
923.4413,location,-76.37, 2.05, 78.16
924.4576,location,-75.14, 1.94, 79.33
925.4739,location,-74.43, 1.33, 80.03
926.4903,location,-74.43, 1.33, 80.03
926.7902,shoot,-74.43, 1.33, 80.03
927.22,pole sphere activated,-74.43, 1.33, 80.03
927.5066,location,-74.43, 1.33, 80.03
928.5229,location,-74.41, 1.33, 78.53
929.5392,location,-75.23, 1.33, 74.41
929.8891,jump,-75.10, 1.33, 72.64
930.5556,location,-74.32, 4.56, 69.43
931.3052,jump,-74.12, 2.87, 68.07
931.5719,location,-74.25, 4.95, 67.99
932.5882,location,-75.24, 5.33, 65.49
933.6045,location,-79.91, 5.33, 66.73
934.6208,location,-79.57, 5.33, 66.37
935.6371,location,-79.57, 5.33, 66.37
936.6535,location,-79.57, 5.33, 66.37
937.6698,location,-79.57, 5.33, 66.37
938.2529,shoot,-79.57, 5.33, 66.37
938.58,pole sphere activated,-79.57, 5.33, 66.37
938.6862,location,-79.57, 5.33, 66.37
939.7025,location,-79.57, 5.33, 66.37
940.7188,location,-79.57, 5.33, 66.37
941.0353,shoot,-79.57, 5.33, 66.37
941.7351,location,-79.57, 5.33, 66.37
942.7515,location,-79.57, 5.33, 66.37
943.36,hold button enter,-81.66, 5.33, 65.46
943.7677,location,-82.70, 5.33, 66.06
944.7841,location,-82.70, 5.33, 66.06
945.8004,location,-82.70, 5.33, 66.06
946.8167,location,-82.70, 5.33, 66.06
947.8331,location,-82.70, 5.33, 66.06
948.4328,shoot,-82.70, 5.33, 66.06
948.8494,location,-82.70, 5.33, 66.06
949.8657,location,-82.10, 5.33, 66.00
950.882,location,-82.10, 5.33, 66.00
951.8984,location,-82.10, 5.33, 66.00
952.3315,shoot,-82.10, 5.33, 66.00
952.9147,location,-82.10, 5.33, 66.00
953.52,hold button leave,-81.40, 5.33, 65.94
953.931,location,-80.91, 5.33, 65.90
954.9473,location,-80.91, 5.33, 65.90
955.9636,location,-76.43, 5.33, 65.73
956.9799,location,-76.43, 5.33, 65.73
957.9963,location,-76.43, 5.33, 65.73
959.0126,location,-76.43, 5.33, 65.73
960.029,location,-76.43, 5.33, 65.73
961.0452,location,-80.01, 5.33, 65.50
961.38,hold button enter,-81.67, 5.33, 65.13
962.0615,location,-82.06, 5.33, 65.06
963.0779,location,-82.06, 5.33, 65.06
964.0942,location,-82.06, 5.33, 65.06
965.1105,location,-82.06, 5.33, 65.06
966.1268,location,-82.06, 5.33, 65.06
967.1432,location,-82.06, 5.33, 65.06
968.1595,location,-82.06, 5.33, 65.06
969.1758,location,-82.06, 5.33, 65.06
970.1921,location,-82.06, 5.33, 65.06
971.2085,location,-82.06, 5.33, 65.06
971.4917,shoot,-82.06, 5.33, 65.06
972.2247,location,-82.06, 5.33, 65.06
973.2411,location,-82.06, 5.33, 65.06
974.2574,location,-82.06, 5.33, 65.06
975.2737,location,-82.06, 5.33, 65.06
975.9902,shoot,-82.06, 5.33, 65.06
976.29,location,-82.06, 5.33, 65.06
976.58,pole sphere activated,-82.06, 5.33, 65.06
977.3064,location,-81.76, 5.33, 65.11
977.38,hold button leave,-81.37, 5.33, 65.17
978.3227,location,-77.34, 5.33, 67.11
979.3391,location,-74.23, 5.31, 67.57
980.3554,location,-75.99, 1.33, 72.34
980.6219,jump,-76.42, 1.33, 73.67
981.3717,location,-77.53, 4.50, 75.17
982.388,location,-76.71, 1.33, 72.49
982.6379,jump,-76.97, 1.33, 73.46
983.4044,location,-77.54, 5.90, 74.88
984.4207,location,-77.55, 1.33, 73.58
985.437,location,-77.39, 1.33, 71.16
986.4533,location,-77.51, 1.33, 73.35
986.6199,jump,-77.56, 1.33, 74.15
987.22,diamond,-77.70, 5.92, 76.55
987.3,diamond,-77.70, 6.57, 76.55
987.32,diamond,-77.70, 6.72, 76.55
987.36,diamond,-77.70, 6.99, 76.55
987.44,diamond,-77.70, 7.49, 76.55
987.4697,location,-77.70, 7.65, 76.55
987.54,diamond,-77.70, 8.29, 76.55
987.74,blue key,-77.71, 9.89, 76.55
988.14,diamond,-77.66, 7.33, 76.74
988.16,diamond,-77.64, 7.17, 76.84
988.2,diamond,-77.60, 6.85, 77.04
988.2,diamond,-77.60, 6.85, 77.04
988.4861,location,-77.50, 4.61, 77.53
989.5023,location,-77.50, 7.33, 77.53
989.52,diamond,-77.50, 7.49, 77.53
989.52,diamond,-77.50, 7.49, 77.53
990.5186,location,-77.50, 4.93, 77.53
991.5349,location,-75.66, 6.22, 80.07
992.5512,location,-72.14, 1.33, 83.57
993.5676,location,-70.57, 1.35, 87.98
994.5839,location,-72.88, 1.35, 92.50
995.6002,location,-76.19, 1.35, 96.20
995.92,lock unlockedblueKey,-77.48, 1.35, 96.78
996.6165,location,-78.84, 1.35, 97.36
997.6329,location,-76.63, 1.35, 97.55
998.6492,location,-81.23, 1.40, 98.52
999.6655,location,-84.56, 1.40, 98.95
1000.682,location,-89.40, 1.17, 98.10
1001.42,game end,-92.77, 1.85, 96.58
1055.113,ankieta PO_fajna_wysoki_niewystarczająca ilość_wysoki_wysoki_tak_tak,-92.77, 1.85, 96.58
1055.113,Poziom łatwy za trudny,-92.77, 1.85, 96.58
