czas,bzdura,x,y,z
5.179641,ankieta PRZED_niski_średnia ilość informacji,0.00, 2.95, 0.00
7.650829,False,0.00, 2.95, 0.00
7.650829,location,0.00, 2.95, 0.00
8.652761,location,0.00, 2.17, 0.00
9.654495,location,0.08, 2.17, 0.39
10.38,diamond,-0.18, 2.17, 4.05
10.65648,location,-0.33, 2.17, 5.35
10.96,diamond,-0.35, 2.17, 6.94
11.6,diamond,0.11, 2.17, 10.04
11.65831,location,0.26, 2.17, 10.18
12.36,diamond,0.15, 2.17, 13.54
12.66009,location,0.05, 2.17, 13.92
13.66197,location,-0.30, 2.17, 15.61
14.08,diamond,-0.25, 2.00, 16.91
14.48016,jump,-0.27, 1.35, 18.91
14.62,diamond,-0.29, 2.57, 19.61
14.66386,location,-0.30, 2.86, 19.81
14.98,diamond,-0.35, 4.35, 21.41
15.44,diamond,-0.18, 3.78, 23.69
15.66575,location,0.02, 2.39, 24.77
15.9,diamond,0.04, 1.32, 25.97
16.66761,location,0.04, 1.32, 25.97
17.6694,location,-0.82, -0.47, 25.01
18.22,diamond,-3.37, -2.68, 24.62
18.67118,location,-5.47, -2.68, 24.47
19.02,diamond,-7.15, -2.68, 24.47
19.67311,location,-7.56, -2.68, 21.31
19.68,diamond,-7.56, -2.68, 21.21
20.67498,location,-5.65, -2.68, 18.72
21.6768,location,-2.50, -2.68, 15.87
22.22,diamond,-1.26, -2.68, 16.17
22.24,diamond,-1.22, -2.68, 16.26
22.4,diamond,-0.78, -2.68, 16.92
22.58,diamond,-0.10, -2.68, 17.40
22.58,diamond,-0.10, -2.68, 17.40
22.67865,location,0.26, -2.68, 17.23
22.92,diamond,0.84, -2.68, 16.08
22.94,diamond,0.87, -2.68, 15.98
23.14,diamond,1.02, -2.68, 15.01
23.32,diamond,0.93, -2.68, 14.11
23.34,diamond,0.93, -2.68, 14.01
23.52,diamond,0.89, -2.68, 13.12
23.68038,location,1.08, -2.68, 12.37
23.7,diamond,1.11, -2.68, 12.28
23.7,diamond,1.11, -2.68, 12.28
23.92,diamond,1.01, -2.68, 11.20
24.1,diamond,0.41, -2.68, 10.72
24.12,diamond,0.41, -2.68, 10.72
24.68,diamond,-0.25, -2.68, 12.04
24.68,diamond,-0.25, -2.68, 12.04
24.68234,location,-0.25, -2.68, 12.04
25.48,diamond,-0.13, -2.68, 14.02
25.48,diamond,-0.13, -2.68, 14.02
25.68416,location,-0.95, -2.68, 14.60
26.686,location,-5.22, -2.68, 16.57
27.04,diamond,-6.84, -2.68, 16.23
27.6879,location,-7.64, -2.68, 14.03
27.76,diamond,-7.60, -2.68, 13.63
28.68977,location,-7.19, -2.68, 15.80
29.69151,location,-4.78, -2.68, 20.11
30.69342,location,-0.57, -2.68, 22.81
30.78,diamond,-0.35, -2.68, 23.21
31.58,diamond,2.90, -2.68, 24.26
31.69521,location,3.39, -2.68, 24.18
32.32,diamond,6.56, -2.68, 23.75
32.69711,location,7.74, -2.68, 22.96
33.04,diamond,7.53, -2.68, 21.18
33.69893,location,7.97, -2.68, 18.18
33.82,diamond,7.98, -2.68, 17.48
34.62,diamond,7.73, -2.68, 13.75
34.70074,location,7.70, -2.68, 13.38
34.9679,jump,7.36, -2.68, 12.47
35.70256,location,3.77, 0.49, 11.86
36.10335,jump,2.83, -0.16, 11.29
36.7045,location,1.63, 3.01, 11.10
37.7063,location,0.55, 2.17, 15.40
38.70823,location,0.56, 1.66, 18.49
38.99196,jump,0.48, 0.95, 19.69
39.71004,location,0.45, 4.18, 23.29
40.71189,location,0.23, 1.32, 28.27
40.72,diamond,0.23, 1.32, 28.37
41.34,diamond,0.13, 1.32, 31.41
41.71372,location,1.60, 1.32, 31.77
42.71553,location,6.04, 1.32, 31.28
42.78,normal button enter,6.44, 1.32, 31.28
42.94,diamond,7.19, 1.32, 31.54
43.24981,jump,7.70, 1.32, 31.85
43.32,diamond,7.70, 2.06, 31.85
43.46,diamond,7.70, 3.13, 31.85
43.71738,location,7.70, 4.28, 31.85
44.71923,location,7.06, 1.32, 33.61
45.72099,location,3.08, 1.30, 34.66
46.22,diamond,0.84, 1.32, 35.43
46.72292,location,-1.03, 1.32, 34.50
47.18,diamond,-2.78, 1.32, 33.90
47.34,diamond,-3.01, 1.32, 33.22
47.34,diamond,-3.01, 1.32, 33.22
47.42,diamond,-3.08, 1.32, 32.82
47.5,diamond,-3.26, 1.32, 32.50
47.72461,location,-3.13, 1.32, 32.05
47.94176,jump,-3.13, 1.32, 32.05
48.7266,location,-5.84, 4.35, 30.87
48.82,diamond,-6.17, 4.08, 30.55
48.82,diamond,-6.17, 4.08, 30.55
48.9,diamond,-6.56, 3.91, 30.63
48.92,diamond,-6.66, 3.96, 30.65
49.32769,jump,-6.85, 4.05, 30.70
49.42,diamond,-6.95, 4.96, 30.69
49.44,diamond,-7.05, 5.13, 30.67
49.48,diamond,-7.25, 5.44, 30.63
49.5,diamond,-7.30, 5.58, 30.55
49.54,diamond,-7.41, 5.86, 30.38
49.56,diamond,-7.47, 5.99, 30.30
49.72844,location,-8.18, 6.79, 30.08
50.73029,location,-9.36, 5.33, 30.75
50.86,diamond,-9.11, 5.20, 30.91
50.98,diamond,-8.62, 4.93, 31.26
50.98,diamond,-8.62, 4.93, 31.26
51.34807,jump,-8.22, 4.71, 31.55
51.44,diamond,-8.22, 5.62, 31.55
51.68,diamond,-7.96, 6.99, 31.71
51.73212,location,-7.79, 6.99, 31.81
52.22,diamond,-7.10, 6.61, 32.22
52.48,diamond,-7.10, 5.23, 32.22
52.73392,location,-7.10, 4.12, 32.22
53.3,diamond,-8.13, 4.69, 31.06
53.73574,location,-7.95, 4.64, 29.93
54.73763,location,-8.16, 4.47, 33.18
55.5392,jump,-9.08, 3.21, 34.49
55.73949,location,-9.08, 4.91, 34.49
56.74135,location,-8.59, 4.26, 35.67
57.3,normal button enter,-8.36, 1.32, 38.46
57.46,diamond,-8.29, 1.32, 39.26
57.70977,jump,-8.27, 1.32, 39.96
57.74319,location,-8.27, 1.70, 39.96
57.78,diamond,-8.27, 2.06, 39.96
57.9,diamond,-8.27, 2.99, 39.96
58.74502,location,-5.00, 3.48, 39.63
59.68,diamond,-1.02, 1.32, 39.61
59.7468,location,-0.73, 1.32, 39.70
60.26,diamond,-0.99, 1.32, 42.02
60.74879,location,-0.13, 1.32, 44.09
61.75058,location,-0.51, 1.32, 49.08
62.16,diamond,-0.37, 1.32, 51.09
62.75232,location,-0.18, 1.32, 53.63
62.96,diamond,-0.29, 1.32, 54.60
63.52,diamond,-2.85, 1.32, 55.64
63.75428,location,-3.71, 1.32, 56.16
64.12,diamond,-5.61, 1.32, 56.14
64.7,diamond,-8.51, 1.32, 56.10
64.7561,location,-8.71, 1.32, 56.10
65.46,diamond,-12.11, 1.32, 56.23
65.75784,location,-13.44, 1.32, 56.31
66.64,diamond,-14.89, 1.32, 54.18
66.66,diamond,-14.94, 1.32, 54.09
66.75977,location,-15.14, 1.32, 53.75
66.84,diamond,-15.37, 1.32, 53.30
66.96,diamond,-15.31, 1.32, 52.71
66.98,diamond,-15.29, 1.32, 52.61
67.64,diamond,-14.91, 1.32, 49.34
67.66,diamond,-14.91, 1.32, 49.24
67.76166,location,-14.95, 1.32, 48.74
67.84,diamond,-15.08, 1.32, 48.36
67.96,diamond,-15.32, 1.32, 47.82
67.98,diamond,-15.36, 1.32, 47.72
68.34,diamond,-15.20, 1.32, 46.08
68.36,diamond,-15.16, 1.32, 45.98
68.62,diamond,-14.87, 1.32, 44.72
68.66,diamond,-14.84, 1.32, 44.52
68.68,diamond,-14.83, 1.32, 44.43
68.76347,location,-14.79, 1.32, 44.03
69.26,diamond,-15.58, 1.32, 43.72
69.28,diamond,-15.67, 1.32, 43.75
69.52,diamond,-16.60, 1.32, 44.00
69.54,diamond,-16.60, 1.32, 44.10
69.76546,location,-16.53, 1.32, 45.20
70.24,diamond,-16.45, 1.32, 47.59
70.26,diamond,-16.46, 1.32, 47.69
70.38,diamond,-16.49, 1.32, 48.29
70.4,diamond,-16.50, 1.32, 48.39
70.76723,location,-16.54, 1.32, 50.19
70.86,diamond,-16.56, 1.32, 50.69
70.86,diamond,-16.56, 1.32, 50.69
71.2,diamond,-16.36, 1.32, 52.16
71.22,diamond,-16.44, 1.32, 52.22
71.76902,location,-18.40, 1.29, 53.19
71.84,diamond,-18.62, 1.29, 52.86
71.86,diamond,-18.66, 1.29, 52.77
72.2,diamond,-19.11, 1.29, 52.73
72.22,diamond,-19.20, 1.29, 52.77
72.26,diamond,-19.39, 1.29, 52.84
72.77089,location,-19.68, 1.29, 52.03
72.8,diamond,-19.64, 1.29, 51.83
72.82,diamond,-19.62, 1.29, 51.73
73.16,diamond,-19.34, 1.29, 50.06
73.18,diamond,-19.33, 1.29, 49.96
73.36,diamond,-19.24, 1.29, 49.06
73.46,diamond,-19.23, 1.29, 48.56
73.48,diamond,-19.23, 1.29, 48.46
73.77271,location,-19.29, 1.29, 47.06
73.98,diamond,-19.36, 1.29, 45.97
74,diamond,-19.37, 1.29, 45.87
74.1,diamond,-19.44, 1.29, 45.37
74.12,diamond,-19.46, 1.29, 45.27
74.14,diamond,-19.48, 1.29, 45.18
74.38,diamond,-19.49, 1.29, 44.02
74.4,diamond,-19.54, 1.29, 43.93
74.62,diamond,-20.49, 1.29, 43.54
74.64,diamond,-20.59, 1.29, 43.56
74.77457,location,-21.06, 1.29, 43.71
75.58,diamond,-20.76, 1.29, 46.59
75.58,diamond,-20.76, 1.29, 46.59
75.77647,location,-20.72, 1.29, 47.49
75.86,diamond,-20.70, 1.29, 47.99
75.88,diamond,-20.71, 1.29, 48.09
76.46,diamond,-21.22, 1.29, 50.91
76.48,diamond,-21.20, 1.29, 51.01
76.77835,location,-21.67, 1.29, 52.24
76.86,diamond,-22.08, 1.32, 52.53
76.88,diamond,-22.17, 1.32, 52.56
77.36,diamond,-22.67, 1.32, 52.13
77.38,diamond,-22.76, 1.32, 52.08
77.4,diamond,-22.85, 1.32, 52.04
77.58,diamond,-23.40, 1.32, 51.44
77.78015,location,-23.26, 1.32, 50.45
77.86,diamond,-23.19, 1.32, 50.05
77.88,diamond,-23.18, 1.32, 49.96
78,diamond,-23.08, 1.32, 49.36
78.02,diamond,-23.07, 1.32, 49.26
78.08,diamond,-23.04, 1.32, 48.97
78.38,diamond,-22.95, 1.32, 47.47
78.48,diamond,-23.03, 1.32, 46.98
78.66,diamond,-23.19, 1.32, 46.09
78.68,diamond,-23.20, 1.32, 45.99
78.78197,location,-23.06, 1.32, 45.55
79,diamond,-22.69, 1.32, 44.52
79.02,diamond,-22.68, 1.32, 44.42
79.02,diamond,-22.68, 1.32, 44.42
79.3,diamond,-23.47, 1.32, 43.46
79.32,diamond,-23.57, 1.32, 43.44
79.6,diamond,-24.54, 1.32, 43.98
79.62,diamond,-24.54, 1.32, 44.08
79.78387,location,-24.52, 1.32, 44.88
80.25999,diamond,-24.72, 1.32, 47.27
80.28,diamond,-24.72, 1.32, 47.37
80.78563,location,-24.72, 1.32, 49.86
80.86,diamond,-24.69, 1.32, 50.26
81.14,diamond,-24.44, 1.32, 51.64
81.16,diamond,-24.42, 1.32, 51.74
81.78764,location,-24.05, 1.32, 54.71
81.86,lock no keyredKey,-24.38, 1.32, 54.92
82.78944,location,-24.61, 1.32, 56.26
83.79136,location,-21.35, 1.31, 56.21
84.79317,location,-16.37, 1.32, 56.40
85.79506,location,-11.39, 1.32, 56.09
86.79684,location,-6.41, 1.32, 55.60
87.79871,location,-1.41, 1.32, 55.56
88.80054,location,3.69, 1.32, 55.48
89.80248,location,8.67, 1.32, 55.17
90.80426,location,13.23, 1.32, 53.42
91.80614,location,15.74, 1.32, 49.44
92.6,red key,16.14, 1.32, 45.47
92.8079,location,16.16, 1.32, 45.17
93.80984,location,16.44, 1.32, 44.76
94.81178,location,15.93, 1.32, 46.80
95.81352,location,15.54, 1.32, 51.55
96.81541,location,13.03, 1.32, 55.04
97.81731,location,8.04, 1.32, 55.15
98.81921,location,3.07, 1.32, 55.72
99.82096,location,-2.00, 1.32, 56.30
100.8229,location,-6.99, 1.32, 56.51
101.8247,location,-11.98, 1.32, 56.67
102.8266,location,-16.98, 1.32, 56.59
103.8285,location,-21.95, 1.31, 56.39
104.2,lock unlockedredKey,-23.84, 1.32, 56.45
104.8302,location,-24.64, 1.32, 56.37
105.8321,location,-25.04, 1.32, 56.38
106.834,location,-30.04, 1.32, 56.36
106.88,hold button enter,-30.34, 1.32, 56.36
107.02,diamond,-31.04, 1.32, 56.33
107.8359,location,-31.74, 1.32, 56.32
108.8378,location,-31.74, 1.32, 56.32
109.589,jump,-33.74, 1.32, 56.26
109.6,hold button leave,-33.84, 1.51, 56.26
109.64,diamond,-34.04, 1.88, 56.25
109.74,diamond,-34.54, 2.70, 56.26
109.8396,location,-34.94, 3.25, 56.27
110.02,diamond,-35.94, 4.20, 56.32
110.34,diamond,-37.53, 4.48, 56.40
110.7,gun,-39.33, 4.20, 56.43
110.8414,location,-40.03, 4.60, 56.43
110.9,diamond,-40.33, 4.80, 56.43
111.24,diamond,-40.53, 5.75, 56.43
111.8433,location,-39.85, 5.95, 56.59
112.8451,location,-35.05, 1.29, 55.79
113.847,location,-34.70, 1.29, 51.49
114.8489,location,-34.06, 1.31, 53.90
115.22,hold button enter,-33.55, 1.32, 55.73
115.66,hold button leave,-32.95, 1.32, 57.85
115.8507,location,-32.75, 1.32, 58.73
115.9676,shoot,-32.63, 1.32, 59.31
116.12,pole sphere activated,-32.46, 1.32, 60.10
116.8526,location,-32.98, 1.32, 61.05
117.8544,location,-37.87, 1.29, 62.04
118.4053,shoot,-40.60, 1.32, 62.66
118.64,pole sphere activated,-41.77, 1.32, 62.92
118.8562,location,-42.75, 1.32, 63.14
119.8581,location,-41.12, 1.32, 64.22
120.3,diamond,-40.72, 1.32, 66.48
120.44,diamond,-40.63, 1.32, 67.18
120.56,diamond,-40.11, 1.32, 67.47
120.76,diamond,-39.77, 1.32, 68.26
120.86,location,-39.88, 1.32, 68.64
120.92,diamond,-39.97, 1.32, 69.03
121.06,diamond,-40.03, 1.32, 69.73
121.2,diamond,-40.05, 1.32, 70.43
121.36,diamond,-40.04, 1.32, 71.23
121.5,diamond,-40.03, 1.32, 71.93
121.64,diamond,-40.03, 1.32, 72.63
121.78,diamond,-40.02, 1.32, 73.33
121.8619,location,-40.02, 1.32, 73.73
121.94,diamond,-40.01, 1.32, 74.13
122.1,diamond,-40.01, 1.32, 74.93
122.24,diamond,-40.00, 1.32, 75.63
122.38,diamond,-39.99, 1.32, 76.33
122.54,diamond,-39.99, 1.32, 77.13
122.68,diamond,-39.98, 1.32, 77.83
122.84,diamond,-39.97, 1.32, 78.63
122.8637,location,-39.97, 1.32, 78.73
122.98,diamond,-39.96, 1.32, 79.33
123.12,diamond,-39.95, 1.32, 80.03
123.28,diamond,-39.96, 1.32, 80.83
123.42,diamond,-39.96, 1.32, 81.53
123.58,diamond,-39.67, 1.32, 82.21
123.74,diamond,-39.67, 1.32, 83.01
123.8655,location,-39.66, 1.32, 83.61
124.8673,location,-39.74, 1.33, 88.61
125.8693,location,-39.84, 1.33, 91.21
126.8711,location,-39.86, 1.33, 95.01
127.24,diamond,-39.97, 1.33, 96.90
127.26,diamond,-39.98, 1.33, 97.00
127.3,diamond,-39.99, 1.33, 97.20
127.32,diamond,-40.00, 1.33, 97.30
127.34,diamond,-40.01, 1.33, 97.40
127.36,diamond,-40.02, 1.33, 97.50
127.4,diamond,-40.04, 1.33, 97.70
127.42,diamond,-40.05, 1.33, 97.80
127.44,diamond,-40.06, 1.33, 97.90
127.46,diamond,-40.07, 1.33, 98.00
127.873,location,-40.07, 1.33, 98.00
128.16,diamond,-39.94, 1.33, 98.14
128.18,diamond,-39.86, 1.33, 98.21
128.8748,location,-39.66, 1.33, 98.65
129.8767,location,-39.66, 1.33, 98.65
130.8786,location,-39.66, 1.33, 98.65
131.8804,location,-39.66, 1.33, 98.65
132.8823,location,-39.66, 1.33, 98.65
133.8842,location,-39.66, 1.33, 98.65
134.8861,location,-39.66, 1.33, 98.65
135.8879,location,-39.66, 1.33, 98.65
136.8897,location,-39.66, 1.33, 98.65
137.8915,location,-39.66, 1.33, 98.65
138.8932,location,-39.66, 1.33, 98.65
139.8952,location,-39.66, 1.33, 98.65
140.8972,location,-39.66, 1.33, 98.65
141.899,location,-39.66, 1.33, 98.65
142.9008,location,-39.66, 1.33, 98.65
143.9026,location,-39.66, 1.33, 98.65
144.9045,location,-39.66, 1.33, 98.65
145.9064,location,-39.66, 1.33, 98.65
146.9082,location,-39.82, 1.33, 96.55
147.9,diamond,-40.39, 1.33, 91.70
147.9,diamond,-40.39, 1.33, 91.70
147.91,location,-40.39, 1.33, 91.70
148.1,diamond,-39.98, 1.33, 90.93
148.34,diamond,-38.83, 1.33, 90.96
148.64,diamond,-37.69, 1.33, 91.19
148.78,diamond,-37.08, 1.33, 91.54
148.9119,location,-36.64, 1.33, 91.95
149.02,diamond,-36.23, 1.33, 92.37
149.2,diamond,-35.60, 1.33, 93.02
149.48,diamond,-34.51, 1.33, 93.51
149.7,diamond,-33.95, 1.33, 94.45
149.9138,location,-33.46, 1.33, 95.31
149.94,diamond,-33.37, 1.33, 95.50
150.16,diamond,-33.19, 1.33, 96.57
150.4,diamond,-33.43, 1.33, 97.74
150.72,diamond,-33.34, 1.33, 99.22
150.9157,location,-33.45, 1.33, 100.05
150.98,diamond,-33.65, 1.33, 100.40
151.18,diamond,-34.05, 1.33, 101.15
151.44,diamond,-34.96, 1.33, 101.97
151.62,diamond,-35.50, 1.33, 102.61
151.88,diamond,-36.38, 1.33, 103.46
151.9175,location,-36.46, 1.33, 103.52
152.08,diamond,-37.22, 1.33, 103.99
152.3,diamond,-38.26, 1.33, 104.34
152.5,diamond,-39.06, 1.33, 104.59
152.84,diamond,-40.49, 1.33, 103.89
152.9194,location,-40.74, 1.33, 103.72
153.04,diamond,-41.43, 1.33, 103.85
153.22,diamond,-42.28, 1.33, 104.14
153.44,diamond,-43.02, 1.33, 103.90
153.7,diamond,-44.05, 1.33, 103.31
153.88,diamond,-44.68, 1.33, 102.78
153.9213,location,-44.81, 1.33, 102.63
154.12,diamond,-45.43, 1.33, 101.84
154.34,diamond,-45.96, 1.33, 101.09
154.58,diamond,-46.22, 1.33, 99.95
154.82,diamond,-46.47, 1.33, 98.83
154.9231,location,-46.80, 1.33, 98.45
155.06,diamond,-46.62, 1.33, 97.77
155.26,diamond,-46.36, 1.33, 96.81
155.48,diamond,-46.01, 1.33, 95.77
155.72,diamond,-45.37, 1.33, 94.75
155.92,diamond,-44.84, 1.33, 93.91
155.9249,location,-44.84, 1.33, 93.91
156.1,diamond,-44.34, 1.33, 93.16
156.32,diamond,-43.63, 1.33, 92.39
156.54,diamond,-42.68, 1.33, 91.86
156.9267,location,-43.59, 1.33, 91.92
157.9286,location,-45.59, 1.33, 96.01
158.9305,location,-50.42, 1.35, 96.99
159.9324,location,-55.10, 1.35, 97.34
160.9342,location,-57.56, 1.35, 94.75
160.9676,jump,-57.66, 1.35, 94.58
161.9361,location,-59.82, 7.65, 91.39
162.4538,jump,-59.82, 7.09, 91.39
162.86,diamond,-58.44, 9.87, 92.03
162.9379,location,-58.20, 10.06, 92.21
162.94,diamond,-58.12, 10.11, 92.27
163.9398,location,-57.74, 10.01, 92.99
164.26,diamond,-58.46, 9.97, 94.27
164.6,diamond,-58.74, 10.11, 95.91
164.9,diamond,-59.22, 10.15, 97.19
164.9416,location,-59.21, 10.14, 97.39
165.22,diamond,-59.14, 10.07, 98.79
165.62,diamond,-58.71, 10.00, 100.74
165.9434,location,-58.38, 10.09, 102.19
166.02,diamond,-57.99, 10.02, 102.23
166.9454,location,-59.01, 10.03, 102.01
167.9472,location,-59.63, 10.08, 97.22
168.4481,jump,-59.24, 10.11, 95.06
168.9491,location,-60.34, 13.15, 92.85
169.951,location,-63.51, 8.22, 89.54
170.5354,jump,-63.57, 7.77, 89.54
170.9528,location,-64.24, 10.62, 87.66
171.14,diamond,-64.84, 11.04, 86.89
171.9547,location,-69.83, 9.52, 87.86
172.34,diamond,-74.18, 9.33, 87.13
172.44,diamond,-74.29, 9.33, 86.64
172.52,diamond,-74.42, 9.33, 86.26
172.64,diamond,-74.85, 9.33, 85.91
172.72,diamond,-75.24, 9.33, 86.00
172.88,diamond,-76.03, 9.33, 86.15
172.9566,location,-76.32, 9.33, 86.19
173.04,diamond,-76.82, 9.33, 86.22
173.22,diamond,-77.66, 9.33, 85.92
173.26,diamond,-77.78, 9.33, 85.77
173.5,diamond,-78.27, 9.33, 84.73
173.7,diamond,-77.32, 9.33, 84.64
173.86,diamond,-76.53, 9.33, 84.74
173.9584,location,-76.13, 9.33, 84.75
174.16,diamond,-75.03, 9.33, 84.86
174.32,diamond,-74.24, 9.33, 84.97
174.68,diamond,-73.15, 9.33, 85.95
174.9602,location,-73.11, 9.33, 86.13
175.9621,location,-75.73, 9.33, 86.66
176.2293,jump,-76.23, 9.30, 87.86
176.9639,location,-78.09, 12.50, 90.89
177.4,diamond,-77.73, 10.50, 91.49
177.84,diamond,-77.38, 9.96, 92.72
177.9658,location,-77.00, 9.93, 93.18
178.24,diamond,-76.25, 9.92, 94.36
178.58,diamond,-75.79, 10.12, 95.99
178.88,diamond,-75.82, 10.06, 97.48
178.9677,location,-75.84, 10.07, 97.88
179.24,diamond,-75.93, 10.11, 99.28
179.62,diamond,-76.36, 9.94, 101.12
179.9695,location,-77.31, 9.98, 102.52
179.98,diamond,-77.37, 9.99, 102.60
180.9714,location,-76.47, 9.98, 101.62
181.9732,location,-75.63, 10.09, 96.73
182.9417,jump,-77.11, 9.97, 92.17
182.9752,location,-77.10, 10.16, 92.07
183.9769,location,-75.35, 12.11, 88.35
184.7451,jump,-74.32, 9.33, 85.72
184.84,diamond,-73.95, 10.23, 85.39
184.9788,location,-73.48, 11.04, 85.02
185.9807,location,-73.99, 9.33, 86.37
186.6653,jump,-71.71, 9.44, 87.50
186.9825,location,-69.88, 11.12, 87.89
187.9844,location,-67.12, 9.33, 86.21
188.28,diamond,-65.89, 9.33, 85.63
188.6,diamond,-65.66, 9.33, 84.04
188.9,diamond,-65.48, 9.33, 82.56
188.9862,location,-65.46, 9.33, 82.16
189.22,diamond,-65.36, 9.33, 80.96
189.52,diamond,-65.42, 9.33, 79.47
189.84,diamond,-65.55, 9.33, 77.88
189.9881,location,-65.56, 9.33, 77.18
190.14,diamond,-65.58, 9.33, 76.38
190.5,diamond,-65.55, 9.33, 74.58
190.88,diamond,-65.42, 9.33, 72.68
190.99,location,-65.44, 9.33, 72.18
191.42,lock no keygreenKey,-65.51, 9.33, 69.98
191.9918,location,-65.53, 9.33, 69.28
192.9937,location,-65.56, 9.33, 68.58
193.9955,location,-65.04, 9.33, 73.47
194.9973,location,-65.23, 9.33, 78.43
195.9991,location,-65.18, 9.33, 83.41
196.7005,jump,-64.91, 9.33, 86.98
197.0011,location,-64.63, 11.48, 88.45
198.0029,location,-65.72, 9.21, 93.00
199.0048,location,-66.84, 1.35, 97.87
200.0066,location,-68.46, 1.35, 102.57
200.7,lock unlockedredKey,-69.92, 1.35, 105.60
201.0085,location,-69.53, 1.35, 107.05
202.0104,location,-69.47, 1.35, 107.18
202.9789,jump,-69.48, 1.35, 108.50
203.0122,location,-69.48, 1.74, 108.50
204.0141,location,-69.52, 5.88, 112.97
204.4315,jump,-69.93, 6.03, 114.74
205.0159,location,-72.20, 9.25, 116.39
205.28,diamond,-72.98, 8.99, 117.47
205.36,diamond,-73.10, 8.70, 117.74
205.52,diamond,-73.10, 7.83, 117.74
205.64,diamond,-73.10, 6.93, 117.74
205.9343,jump,-73.10, 6.50, 117.74
206.0178,location,-73.10, 7.25, 117.74
206.56,diamond,-73.19, 9.79, 120.54
206.56,diamond,-73.19, 9.79, 120.54
206.64,diamond,-73.20, 9.77, 120.94
206.9,diamond,-73.21, 9.04, 121.24
207.0197,location,-73.21, 8.49, 121.24
207.2367,jump,-73.21, 8.18, 121.24
207.82,diamond,-73.42, 11.47, 122.82
207.82,diamond,-73.42, 11.47, 122.82
207.92,diamond,-73.73, 11.49, 123.21
207.94,diamond,-73.78, 11.48, 123.30
208.0214,location,-73.83, 11.37, 123.39
208.4891,jump,-73.83, 10.54, 123.39
208.96,diamond,-72.66, 13.54, 123.66
209.0233,location,-72.37, 13.67, 123.74
209.44,diamond,-70.90, 13.09, 123.98
209.6,diamond,-70.90, 12.17, 123.98
209.72,diamond,-70.90, 11.23, 123.98
209.86,diamond,-70.70, 10.57, 123.96
209.86,diamond,-70.70, 10.57, 123.96
209.94,diamond,-70.30, 10.57, 123.91
210.0086,jump,-70.00, 10.57, 123.88
210.0253,location,-69.90, 10.76, 123.87
210.1,diamond,-69.50, 11.48, 123.83
210.34,diamond,-68.31, 13.05, 123.71
210.82,diamond,-65.91, 13.59, 123.69
210.94,diamond,-65.40, 13.20, 123.95
211.027,location,-65.38, 12.81, 124.04
211.1,diamond,-65.38, 12.33, 124.04
211.22,diamond,-65.38, 11.42, 124.04
211.94,diamond,-66.28, 10.65, 123.92
211.94,diamond,-66.28, 10.65, 123.92
212,diamond,-66.57, 10.66, 123.88
212.0289,location,-66.67, 10.66, 123.87
213.0308,location,-69.41, 10.55, 123.95
213.2478,jump,-69.33, 10.02, 125.05
214.0326,location,-69.51, 13.13, 128.91
214.14,green key,-69.65, 12.80, 129.49
215.0345,location,-70.72, 11.09, 127.78
215.86,diamond,-73.89, 2.69, 126.78
216.0363,location,-73.89, 1.35, 126.78
216.24,diamond,-73.73, 1.35, 127.35
216.58,diamond,-73.91, 1.35, 128.96
217.0381,location,-72.68, 1.35, 130.32
217.2,diamond,-71.80, 1.35, 130.14
217.46,diamond,-70.68, 1.35, 129.66
217.94,diamond,-68.28, 1.35, 129.51
218.0401,location,-67.86, 1.35, 129.77
218.34,diamond,-66.43, 1.35, 130.19
218.72,diamond,-65.73, 1.35, 128.72
219.02,diamond,-65.71, 1.35, 127.23
219.0419,location,-65.73, 1.35, 127.13
220.0438,location,-67.38, 1.35, 123.06
221.0457,location,-66.36, 1.35, 120.36
221.34,diamond,-65.61, 1.35, 119.06
222.0475,location,-62.45, 1.35, 119.39
222.22,diamond,-61.56, 1.35, 119.28
223.0493,location,-61.01, 1.35, 115.27
223.1,diamond,-60.98, 1.35, 114.99
223.94,diamond,-61.01, 1.35, 111.13
224.0512,location,-61.09, 1.35, 110.64
224.84,diamond,-64.44, 1.35, 110.39
225.053,location,-65.40, 1.35, 110.67
225.92,diamond,-68.23, 1.35, 112.31
226,diamond,-68.31, 1.35, 112.70
226.0548,location,-68.36, 1.35, 112.90
226.08,diamond,-68.40, 1.35, 113.09
226.16,diamond,-68.61, 1.35, 113.40
226.34,diamond,-69.06, 1.35, 114.08
226.4,diamond,-69.08, 1.35, 114.38
226.64,diamond,-69.00, 1.35, 115.58
226.7,diamond,-68.97, 1.35, 115.87
227.0567,location,-68.26, 1.35, 117.35
227.8082,jump,-66.09, 1.35, 118.27
228.0586,location,-66.05, 3.28, 118.08
229.0605,location,-65.67, 3.36, 116.70
229.2108,jump,-65.67, 3.36, 116.70
230.06,diamond,-65.59, 6.32, 115.01
230.0623,location,-65.59, 6.32, 115.01
230.08,diamond,-65.58, 6.26, 114.91
230.08,diamond,-65.58, 6.26, 114.91
230.18,diamond,-65.54, 5.85, 114.61
231.0642,location,-65.54, 5.35, 114.61
232.066,location,-68.12, 4.72, 111.73
233.068,location,-71.72, 1.74, 110.64
233.22,diamond,-72.39, 1.35, 110.34
234.02,diamond,-76.27, 1.35, 110.05
234.0697,location,-76.47, 1.35, 110.09
234.3368,jump,-77.17, 1.35, 111.00
234.46,diamond,-77.15, 2.60, 111.70
234.78,diamond,-77.10, 4.36, 113.30
235.0716,location,-76.96, 4.63, 114.70
235.1,diamond,-76.93, 4.58, 114.89
235.52,diamond,-76.82, 2.53, 116.77
236.0735,location,-76.72, 1.35, 115.58
236.18,diamond,-76.73, 1.35, 114.98
237.0753,location,-75.69, 1.35, 111.55
238.0772,location,-71.22, 1.35, 109.37
239.079,location,-68.66, 1.35, 105.35
240.0809,location,-68.78, 1.35, 100.25
241.0826,location,-65.32, 1.35, 96.92
242.0846,location,-63.50, 1.35, 93.77
242.2182,jump,-63.09, 1.35, 93.33
243.0865,location,-62.03, 4.33, 89.47
243.6208,jump,-62.49, 8.07, 88.81
244.0883,location,-63.74, 11.03, 86.90
245.0901,location,-64.86, 9.33, 82.03
246.092,location,-65.40, 9.33, 77.06
247.0938,location,-65.51, 9.33, 72.06
247.84,lock unlockedgreenKey,-65.52, 9.33, 70.06
248.0957,location,-65.53, 9.33, 68.96
249.0976,location,-65.53, 9.33, 68.96
249.92,diamond,-63.23, 9.33, 66.90
249.94,diamond,-63.13, 9.33, 66.87
250.0994,location,-62.46, 9.33, 66.68
250.14,diamond,-62.17, 9.33, 66.58
250.16,diamond,-62.08, 9.33, 66.63
250.2,diamond,-61.90, 9.33, 66.71
250.5,diamond,-60.78, 9.33, 66.19
250.54,diamond,-60.87, 9.33, 66.01
250.68,diamond,-61.20, 9.33, 65.40
250.72,diamond,-61.35, 9.33, 65.26
251.1013,location,-63.07, 9.33, 64.46
251.74,diamond,-64.70, 9.33, 62.24
252.1031,location,-66.45, 9.33, 61.87
252.12,diamond,-66.55, 9.33, 61.86
252.68,diamond,-69.33, 9.34, 61.59
253.105,location,-71.43, 9.34, 61.72
253.14,diamond,-71.63, 9.34, 61.74
253.52,diamond,-73.53, 9.34, 61.75
254.06,diamond,-76.23, 9.34, 61.78
254.1069,location,-76.43, 9.34, 61.78
254.52,diamond,-78.53, 9.34, 61.82
254.86,diamond,-80.22, 9.34, 61.93
255.1087,location,-81.39, 9.34, 62.15
255.56,yellow key,-83.67, 9.34, 61.95
256.1107,location,-83.75, 9.34, 61.88
257.1124,location,-78.78, 9.34, 61.89
258.1144,location,-73.79, 9.34, 61.99
259.1162,location,-68.94, 9.34, 62.01
260.118,location,-66.28, 9.33, 65.47
261.12,location,-65.90, 9.33, 70.45
262.1217,location,-65.50, 9.33, 75.54
263.1236,location,-65.66, 9.33, 80.49
264.1253,location,-65.08, 9.33, 85.06
265.1274,location,-64.51, 9.33, 87.37
266.1292,location,-65.99, 5.60, 88.81
266.6,lock unlockedyellowKey,-67.67, 1.35, 88.54
267.131,location,-69.37, 1.35, 89.02
268.1329,location,-69.36, 1.35, 88.32
268.94,diamond,-68.38, 1.33, 84.55
269.1348,location,-68.60, 1.33, 83.74
269.38,diamond,-68.74, 1.33, 82.50
269.9,diamond,-68.77, 1.33, 79.96
270.1366,location,-68.73, 1.33, 78.86
270.42,diamond,-68.66, 1.33, 77.36
271.04,diamond,-68.66, 1.33, 74.26
271.1385,location,-68.68, 1.33, 74.17
272.1403,location,-68.68, 1.33, 74.17
272.6747,jump,-68.46, 1.33, 73.09
273.1422,location,-68.70, 4.37, 70.78
273.24,diamond,-68.67, 4.57, 70.29
273.54,diamond,-70.13, 4.27, 70.02
274.14,diamond,-71.95, 3.55, 69.28
274.144,location,-71.95, 3.55, 69.28
274.66,diamond,-74.55, 3.58, 69.36
275.1459,location,-76.95, 2.87, 69.36
275.18,diamond,-77.14, 2.77, 69.36
275.58,diamond,-79.14, 1.33, 69.45
275.8138,jump,-80.23, 1.33, 69.60
276.1476,location,-81.81, 3.84, 70.21
276.6153,shoot,-82.83, 4.48, 70.62
277.1496,location,-82.83, 1.33, 70.62
277.36,pole sphere activated,-82.83, 1.33, 70.62
278.1515,location,-82.80, 1.33, 70.92
279.0699,shoot,-83.23, 1.33, 75.13
279.1534,location,-83.25, 1.33, 75.53
280.0717,shoot,-83.19, 1.33, 80.13
280.1552,location,-83.18, 1.33, 80.53
280.16,pole sphere activated,-83.17, 1.33, 80.63
281.157,location,-85.84, 1.33, 84.54
281.54,diamond,-85.21, 1.33, 86.37
282.1,diamond,-82.41, 1.33, 86.49
282.1589,location,-82.21, 1.33, 86.49
282.66,diamond,-79.62, 1.33, 86.70
283.14,diamond,-77.22, 1.33, 86.76
283.1608,location,-77.12, 1.33, 86.76
283.64,diamond,-74.85, 1.33, 86.35
284.1626,location,-73.88, 1.33, 86.12
284.3964,shoot,-73.88, 1.33, 86.12
285.1645,location,-73.88, 1.33, 86.12
285.7155,shoot,-73.88, 1.33, 86.12
286.1663,location,-73.88, 1.33, 86.12
287.1682,location,-73.88, 1.33, 86.12
287.6523,shoot,-73.88, 1.33, 86.12
288.17,location,-73.88, 1.33, 86.12
288.28,pole sphere activated,-73.88, 1.33, 86.12
289.1719,location,-73.88, 1.33, 86.12
289.339,shoot,-73.88, 1.33, 86.12
290.1737,location,-73.88, 1.33, 86.12
291.1756,location,-74.94, 1.33, 84.09
291.4762,jump,-75.45, 1.33, 82.68
292.1773,location,-76.45, 4.64, 79.37
292.26,diamond,-76.67, 4.51, 78.92
292.3,diamond,-76.75, 4.41, 78.74
292.32,diamond,-76.75, 4.36, 78.74
292.44,diamond,-76.75, 3.90, 78.74
292.62,diamond,-76.75, 2.80, 78.74
292.68,diamond,-76.88, 2.33, 78.47
292.7,diamond,-76.93, 2.16, 78.38
292.74,diamond,-77.03, 2.05, 78.20
292.76,diamond,-77.08, 2.05, 78.12
292.76,diamond,-77.08, 2.05, 78.12
292.78,diamond,-77.13, 2.05, 78.03
292.78,diamond,-77.13, 2.05, 78.03
292.82,diamond,-77.23, 2.05, 77.86
292.84,diamond,-77.29, 2.05, 77.78
292.86,diamond,-77.34, 2.05, 77.69
293.1793,location,-77.34, 2.05, 77.69
293.6301,jump,-77.34, 2.05, 77.69
293.68,diamond,-77.34, 2.62, 77.69
293.68,diamond,-77.34, 2.62, 77.69
293.7,diamond,-77.34, 2.80, 77.69
293.76,diamond,-77.34, 3.29, 77.69
293.76,diamond,-77.34, 3.29, 77.69
293.78,diamond,-77.34, 3.45, 77.69
293.86,diamond,-77.34, 4.00, 77.69
293.9,diamond,-77.34, 4.24, 77.69
293.9,diamond,-77.34, 4.24, 77.69
293.98,diamond,-77.34, 4.65, 77.69
294.02,diamond,-77.34, 4.81, 77.69
294.02,diamond,-77.34, 4.81, 77.69
294.06,diamond,-77.34, 4.96, 77.69
294.1812,location,-77.34, 5.25, 77.69
295.183,location,-77.34, 2.05, 77.69
296.1849,location,-75.79, 1.33, 73.85
296.2517,jump,-75.67, 1.33, 73.57
297.1868,location,-74.37, 4.00, 69.58
297.4371,jump,-74.37, 3.53, 69.58
298.1886,location,-76.19, 6.79, 67.05
299.1905,location,-81.09, 5.33, 67.03
299.44,hold button enter,-82.34, 5.33, 66.85
300.1923,location,-82.41, 5.33, 65.35
301.1942,location,-82.41, 5.33, 65.35
301.812,shoot,-82.41, 5.33, 65.35
302.196,location,-82.41, 5.33, 65.35
303.1979,location,-82.41, 5.33, 65.35
304.1998,location,-82.41, 5.33, 65.35
304.7173,shoot,-82.41, 5.33, 65.35
305.2016,location,-82.41, 5.33, 65.35
306.2035,location,-82.41, 5.33, 65.35
306.9382,shoot,-82.41, 5.33, 65.35
307.2053,location,-82.41, 5.33, 65.35
308.2072,location,-82.41, 5.33, 65.35
308.9586,shoot,-82.41, 5.33, 65.35
309.209,location,-82.41, 5.33, 65.35
310.2109,location,-82.41, 5.33, 65.35
311.2128,location,-82.41, 5.33, 65.35
311.5967,shoot,-82.41, 5.33, 65.35
312.2,pole sphere activated,-82.41, 5.33, 65.35
312.2146,location,-82.41, 5.33, 65.35
313.2164,location,-82.37, 5.33, 65.75
313.46,hold button leave,-82.09, 5.33, 67.01
314.2183,location,-80.94, 1.33, 70.53
315.2202,location,-80.29, 1.33, 72.10
315.9382,jump,-79.56, 1.33, 73.53
316.2219,location,-78.82, 3.65, 74.83
316.72,diamond,-77.71, 5.73, 77.07
316.74,diamond,-77.68, 5.89, 77.16
316.76,diamond,-77.64, 6.05, 77.25
316.78,diamond,-77.61, 6.21, 77.35
316.84,diamond,-77.54, 6.69, 77.54
316.86,diamond,-77.54, 6.85, 77.54
316.86,diamond,-77.54, 6.85, 77.54
316.86,diamond,-77.54, 6.85, 77.54
316.96,diamond,-77.54, 7.65, 77.54
316.96,diamond,-77.54, 7.65, 77.54
316.96,diamond,-77.54, 7.65, 77.54
316.96,diamond,-77.54, 7.65, 77.54
317.2,blue key,-77.54, 9.57, 77.54
317.2239,location,-77.54, 9.73, 77.54
318.2257,location,-74.66, 2.20, 80.86
319.2276,location,-71.50, 1.33, 84.50
320.2295,location,-70.90, 1.35, 89.07
321.2313,location,-73.70, 1.35, 92.70
322.2332,location,-76.14, 1.35, 95.65
322.62,lock unlockedblueKey,-77.87, 1.35, 96.29
323.2349,location,-78.34, 1.35, 96.55
324.2368,location,-79.56, 1.36, 97.43
325.2388,location,-84.54, 1.46, 97.28
326.2406,location,-89.64, 1.54, 97.09
326.84,game end,-92.63, 1.60, 97.01
367.9846,ankieta PO_fajna_wysoki_wystarczająca ilość_wysoki_wysoki_tak_tak,-92.63, 1.60, 97.01
367.9846,,-92.63, 1.60, 97.01
