czas,bzdura,x,y,z
8.63004,ankieta PRZED_niski_wszystkie informacje,0.00, 2.95, 0.00
10.31874,True,0.00, 2.95, 0.00
10.31874,location,0.00, 2.95, 0.00
11.32551,location,-0.09, 2.17, 1.80
11.76,diamond,0.00, 2.17, 4.00
12.33209,location,0.04, 2.17, 6.79
12.34,diamond,0.04, 2.17, 6.89
12.98,diamond,-0.03, 2.17, 10.09
13.0392,jump,-0.03, 2.17, 10.29
13.33867,location,-0.06, 4.52, 11.79
14.34522,location,-0.22, 2.40, 16.89
14.36,diamond,-0.22, 2.21, 16.99
14.63639,jump,-0.27, 1.67, 18.29
14.82,diamond,-0.30, 3.37, 19.29
15.24,diamond,-0.37, 5.01, 21.39
15.35178,location,-0.39, 5.00, 21.89
15.7,diamond,-0.45, 3.76, 23.69
16.35836,location,-1.07, -2.17, 25.24
16.42,diamond,-0.80, -2.68, 25.01
17.36491,location,0.62, -2.68, 22.75
17.42312,jump,0.51, -2.68, 22.47
18.37148,location,0.04, 0.69, 19.44
18.52125,jump,0.04, 0.69, 19.44
19.37808,location,0.34, 3.64, 17.26
19.72,diamond,0.39, 2.17, 15.56
20.38464,location,0.02, 2.17, 14.12
21.39117,location,-0.11, 2.17, 15.61
22.39774,location,-0.89, 1.66, 18.73
22.53915,jump,-0.99, 1.34, 19.42
23.40433,location,-1.65, 4.39, 23.77
24.4109,location,-2.24, 1.32, 27.42
25.41743,location,-2.24, 1.32, 27.42
26.42397,location,-2.24, 1.32, 27.42
27.43061,location,-2.24, 1.32, 27.42
28.43713,location,-2.24, 1.32, 27.42
29.12,diamond,-0.71, 1.32, 28.55
29.44367,location,-0.54, 1.32, 29.14
30.45025,location,0.31, 1.32, 31.35
30.46,diamond,0.28, 1.32, 31.44
31.45683,location,0.09, 1.32, 32.01
32.46336,location,0.09, 1.32, 32.01
33.46995,location,-0.26, 1.32, 34.45
33.56,diamond,-0.41, 1.32, 34.93
34.47649,location,-4.12, 1.32, 37.14
34.58467,jump,-4.61, 1.32, 37.49
35.48307,location,-6.73, 4.12, 39.16
35.62,diamond,-7.29, 3.46, 39.58
35.66,diamond,-7.45, 3.22, 39.70
35.66,diamond,-7.45, 3.22, 39.70
35.8,normal button enter,-7.45, 2.18, 39.70
36.48964,location,-7.45, 1.32, 39.70
37.4962,location,-7.30, 1.32, 42.09
38.50275,location,-4.24, 1.32, 40.34
39.50936,location,-0.01, 1.32, 37.72
40.06667,jump,2.31, 1.30, 36.16
40.51589,location,4.14, 4.20, 34.94
41.34,normal button enter,6.72, 1.67, 32.04
41.42,diamond,7.12, 1.32, 32.08
41.52242,location,7.60, 1.32, 32.22
42.529,location,5.28, 1.30, 35.26
43.53556,location,1.57, 1.32, 37.91
43.78,diamond,0.93, 1.32, 39.03
44.4,diamond,0.87, 1.32, 42.05
44.54211,location,0.38, 1.32, 42.55
44.91647,jump,0.24, 1.32, 44.35
45.5487,location,-0.08, 3.40, 47.45
46.28,diamond,-0.08, 1.32, 51.02
46.55525,location,0.12, 1.32, 52.29
46.98,diamond,-0.61, 1.32, 54.36
47.54,diamond,-2.70, 1.32, 56.12
47.56181,location,-2.80, 1.32, 56.11
48.14,diamond,-5.69, 1.32, 55.88
48.56839,location,-7.79, 1.32, 55.83
48.72,diamond,-8.59, 1.32, 55.84
49.48,diamond,-12.19, 1.32, 56.04
49.57496,location,-12.59, 1.32, 56.09
50.28,diamond,-14.62, 1.32, 53.99
50.3,diamond,-14.64, 1.32, 53.89
50.56,diamond,-14.83, 1.32, 52.60
50.56,diamond,-14.83, 1.32, 52.60
50.58,diamond,-14.85, 1.32, 52.50
50.5815,location,-14.85, 1.32, 52.50
51.06,diamond,-15.63, 1.32, 50.24
51.08,diamond,-15.67, 1.32, 50.15
51.24,diamond,-15.97, 1.32, 49.41
51.32,diamond,-16.11, 1.32, 49.03
51.38,diamond,-16.22, 1.32, 48.76
51.4,diamond,-16.19, 1.32, 48.66
51.48,diamond,-16.03, 1.32, 48.30
51.5,diamond,-15.99, 1.32, 48.20
51.58808,location,-15.83, 1.32, 47.84
51.96,diamond,-15.76, 1.32, 45.95
51.98,diamond,-15.77, 1.32, 45.85
52.02,diamond,-15.78, 1.32, 45.65
52.04,diamond,-15.78, 1.32, 45.55
52.08,diamond,-15.79, 1.32, 45.35
52.26,diamond,-15.84, 1.32, 44.46
52.28,diamond,-15.85, 1.32, 44.36
52.3,diamond,-15.85, 1.32, 44.26
52.32,diamond,-15.86, 1.32, 44.16
52.59468,location,-16.93, 1.32, 43.85
52.84,diamond,-18.23, 1.29, 43.87
52.86,diamond,-18.33, 1.29, 43.88
53.04,diamond,-19.23, 1.29, 43.87
53.06,diamond,-19.33, 1.29, 43.87
53.08,diamond,-19.43, 1.29, 43.87
53.24,diamond,-20.23, 1.29, 43.85
53.26,diamond,-20.33, 1.29, 43.85
53.60119,location,-22.03, 1.32, 43.79
53.62,diamond,-22.13, 1.32, 43.79
53.64,diamond,-22.23, 1.32, 43.79
53.78,diamond,-22.93, 1.32, 43.81
53.9,diamond,-23.49, 1.32, 43.68
53.92,diamond,-23.59, 1.32, 43.67
54.1,diamond,-24.39, 1.32, 43.98
54.12,diamond,-24.45, 1.32, 44.06
54.34,diamond,-24.29, 1.32, 45.09
54.58,diamond,-24.08, 1.32, 46.27
54.6,diamond,-24.09, 1.32, 46.37
54.60776,location,-24.09, 1.32, 46.37
54.8,diamond,-24.19, 1.32, 47.36
54.86,diamond,-24.22, 1.32, 47.66
54.88,diamond,-24.24, 1.32, 47.76
55,diamond,-24.31, 1.32, 48.35
55.02,diamond,-24.32, 1.32, 48.45
55.38,diamond,-24.08, 1.32, 50.23
55.4,diamond,-24.14, 1.32, 50.31
55.61433,location,-24.75, 1.32, 51.10
55.66,diamond,-24.83, 1.32, 51.39
55.72,diamond,-24.71, 1.32, 51.66
55.74,diamond,-24.63, 1.32, 51.71
55.88,diamond,-24.00, 1.32, 52.02
55.9,diamond,-23.91, 1.32, 52.06
55.92,diamond,-23.82, 1.32, 52.11
55.98,diamond,-23.54, 1.32, 52.19
56.3,diamond,-22.18, 1.32, 51.39
56.34,diamond,-22.02, 1.32, 51.28
56.52,diamond,-21.22, 1.29, 51.54
56.54,diamond,-21.14, 1.29, 51.61
56.58,diamond,-20.99, 1.29, 51.74
56.62089,location,-20.85, 1.29, 51.87
56.68,diamond,-20.62, 1.29, 52.07
56.7,diamond,-20.55, 1.29, 52.14
56.78,diamond,-20.26, 1.29, 52.14
56.8,diamond,-20.24, 1.29, 52.05
57.22,diamond,-20.34, 1.29, 49.95
57.24,diamond,-20.34, 1.29, 49.85
57.28,diamond,-20.34, 1.29, 49.65
57.32,diamond,-20.33, 1.29, 49.45
57.32,diamond,-20.33, 1.29, 49.45
57.54,diamond,-20.05, 1.29, 48.39
57.54,diamond,-20.05, 1.29, 48.39
57.56,diamond,-20.01, 1.29, 48.30
57.58,diamond,-19.97, 1.29, 48.20
57.62745,location,-19.89, 1.29, 48.02
58.02,diamond,-19.97, 1.29, 46.33
58.04,diamond,-20.06, 1.29, 46.29
58.63401,location,-22.01, 1.32, 47.52
58.68,diamond,-22.15, 1.32, 47.79
58.7,diamond,-22.20, 1.32, 47.87
59.64056,location,-23.97, 1.32, 52.17
60.3,lock no keyredKey,-24.26, 1.32, 55.04
60.64716,location,-25.44, 1.32, 55.84
61.65372,location,-24.03, 1.32, 57.65
62.16,lock no keyredKey,-24.29, 1.32, 57.55
62.66027,location,-25.44, 1.32, 56.66
63.66684,location,-23.17, 1.32, 57.51
63.96634,jump,-21.82, 1.31, 56.88
64.67342,location,-21.25, 4.55, 55.86
65.67993,location,-19.53, 1.31, 57.28
65.95451,jump,-18.15, 1.31, 57.28
66.68652,location,-14.52, 4.60, 56.68
67.40194,jump,-10.97, 1.32, 56.19
67.69309,location,-9.59, 3.48, 56.16
68.69965,location,-5.05, 1.59, 55.07
68.92426,jump,-3.93, 1.32, 54.65
69.70622,location,-0.43, 4.44, 52.93
70.71276,location,4.30, 1.32, 53.60
71.71933,location,8.02, 1.32, 56.48
71.90234,jump,8.93, 1.32, 56.29
72.72592,location,12.06, 4.33, 53.84
73.67425,jump,14.64, 1.32, 50.41
73.73248,location,14.70, 1.89, 50.12
74.73905,location,15.55, 3.49, 45.19
74.8,red key,15.67, 2.97, 44.81
75.52937,jump,15.22, 1.32, 47.19
75.74558999999999,location,14.71, 3.14, 48.17
76.75219,location,13.08, 2.27, 52.62
77.55074,jump,9.74, 1.32, 54.13
77.75874,location,8.74, 3.01, 54.23
78.76527,location,3.67, 2.29, 54.73
79.77184,location,-1.13, 1.32, 54.62
79.9798,jump,-2.13, 1.32, 54.72
80.77842,location,-6.11, 4.59, 55.06
81.36073,jump,-9.11, 1.32, 55.16
81.78497,location,-11.20, 4.11, 55.03
82.79153,location,-16.19, 1.32, 54.83
82.87474,jump,-16.59, 1.32, 54.85
83.79811,location,-21.15, 4.18, 54.73
84.4,lock unlockedredKey,-23.97, 1.32, 55.45
84.80466,location,-25.43, 1.32, 55.47
85.81123,location,-25.43, 1.32, 55.47
86.81779,location,-26.91, 1.32, 55.66
87.48,hold button enter,-30.29, 1.32, 55.93
87.62,diamond,-30.99, 1.32, 56.00
87.82436,location,-31.99, 1.32, 56.10
88.2,hold button leave,-33.87, 1.32, 55.96
88.73941,jump,-36.28, 1.29, 54.99
88.83093,location,-36.71, 2.23, 54.73
89.83746,location,-40.93, 3.31, 52.06
90.27835,jump,-42.78, 1.29, 50.87
90.84403,location,-45.25, 4.60, 49.35
91.85066,location,-47.30, 1.31, 47.99
92.47451,jump,-47.74, 1.31, 47.56
92.85737,location,-47.84, 3.42, 47.77
93.86374,location,-48.57, 1.31, 49.08
94.87029,location,-48.00, 1.32, 53.34
95.87685,location,-47.51, 1.32, 57.99
96.30109,jump,-47.78, 1.32, 60.12
96.88341,location,-47.92, 4.48, 61.72
97.88999,location,-48.70, 1.31, 64.30
98.28098,jump,-48.37, 1.31, 63.69
98.89653,location,-47.90, 4.50, 64.33
99.90312,location,-47.13, 1.31, 65.07
100.9097,location,-47.25, 1.31, 64.72
101.9162,location,-43.75, 1.32, 65.24
102.3904,jump,-41.73, 1.32, 63.95
102.9228,location,-39.99, 4.50, 61.95
103.8545,jump,-36.83, 1.29, 59.64
103.9294,location,-36.44, 2.05, 59.61
104.9,diamond,-33.40, 3.47, 57.23
104.9359,location,-33.34, 3.35, 57.15
105.1,hold button enter,-32.79, 1.99, 56.43
105.9425,location,-31.10, 1.32, 55.86
106.9491,location,-33.59, 1.32, 56.15
107,hold button leave,-33.89, 1.32, 56.14
107.548,jump,-36.58, 1.29, 55.96
107.68,diamond,-37.28, 2.54, 55.97
107.72,diamond,-37.48, 2.84, 55.99
107.9556,location,-38.52, 4.06, 56.34
108.14,gun,-39.47, 4.54, 56.65
108.4,diamond,-39.47, 5.00, 56.65
108.68,diamond,-39.47, 5.85, 56.65
108.9622,location,-39.47, 5.97, 56.65
109.2367,shoot,-39.47, 5.97, 56.65
109.9688,location,-39.47, 5.97, 56.65
110.4346,shoot,-39.37, 5.97, 56.67
110.9753,location,-36.71, 1.71, 57.13
111.9819,location,-36.32, 1.29, 57.20
112.9884,location,-36.32, 1.29, 57.20
113.995,location,-36.32, 1.29, 57.20
115.0016,location,-36.32, 1.29, 57.20
115.7253,shoot,-36.32, 1.29, 57.20
116.0081,location,-36.32, 1.29, 57.20
117.0147,location,-36.32, 1.29, 57.20
118.0202,location,-36.32, 1.29, 57.20
119.0258,location,-36.32, 1.29, 57.20
120.0313,location,-36.32, 1.29, 57.20
121.0369,location,-36.32, 1.29, 57.20
122.0424,location,-36.32, 1.29, 57.20
123.0479,location,-36.32, 1.29, 57.20
124.0535,location,-36.32, 1.29, 57.20
125.059,location,-36.32, 1.29, 57.20
126.0646,location,-36.32, 1.29, 57.20
127.0701,location,-36.32, 1.29, 57.20
128.0757,location,-36.32, 1.29, 57.20
129.0812,location,-36.32, 1.29, 57.20
130.0867,location,-36.32, 1.29, 57.20
131.0923,location,-36.32, 1.29, 57.20
132.0965,location,-36.32, 1.29, 57.20
133.1031,location,-34.29, 1.29, 56.82
133.26,hold button enter,-33.54, 1.32, 56.55
133.5606,shoot,-32.07, 1.32, 56.21
134.1096,location,-33.34, 1.32, 55.83
134.2,hold button leave,-33.83, 1.32, 55.72
134.5921,shoot,-35.61, 1.29, 56.30
134.642,jump,-35.91, 1.29, 56.31
135.1162,location,-38.20, 4.22, 56.40
136.1227,location,-41.44, 1.29, 59.60
136.8465,jump,-44.16, 1.29, 61.95
136.8714,shoot,-44.25, 1.49, 62.00
137.02,pole sphere activated,-44.96, 2.83, 62.37
137.1293,location,-45.41, 3.47, 62.58
138.1359,location,-45.73, 1.66, 63.29
138.6683,shoot,-43.64, 1.29, 61.74
139.1424,location,-43.37, 1.29, 61.84
140.149,location,-41.60, 1.31, 62.20
140.2322,shoot,-41.46, 1.32, 62.57
141.1556,location,-39.81, 1.32, 63.21
142.1621,location,-37.29, 1.32, 63.39
142.3036,shoot,-37.29, 1.32, 63.39
142.78,pole sphere activated,-35.80, 1.32, 63.57
143.1687,location,-35.42, 1.32, 63.54
144.1753,location,-37.95, 1.32, 63.59
144.2751,jump,-38.01, 1.32, 64.09
145.1818,location,-39.11, 4.18, 65.69
145.58,diamond,-39.25, 1.42, 66.64
145.64,diamond,-39.35, 1.32, 66.90
145.8,diamond,-39.70, 1.32, 67.55
145.94,diamond,-39.63, 1.32, 68.24
146.1,diamond,-39.51, 1.32, 69.03
146.1884,location,-39.50, 1.32, 69.43
146.26,diamond,-39.50, 1.32, 69.83
146.42,diamond,-39.86, 1.32, 70.48
146.56,diamond,-39.85, 1.32, 71.18
146.7,diamond,-39.79, 1.32, 71.88
146.86,diamond,-39.74, 1.32, 72.68
147,diamond,-39.77, 1.32, 73.38
147.14,diamond,-39.86, 1.32, 74.07
147.1949,location,-39.89, 1.32, 74.27
147.3,diamond,-39.98, 1.32, 74.86
147.46,diamond,-40.09, 1.32, 75.66
147.6,diamond,-40.11, 1.32, 76.35
147.74,diamond,-40.08, 1.32, 77.05
147.9,diamond,-40.03, 1.32, 77.85
148.04,diamond,-40.04, 1.32, 78.55
148.18,diamond,-40.06, 1.32, 79.25
148.2015,location,-40.07, 1.32, 79.35
148.34,diamond,-40.09, 1.32, 80.05
148.5,diamond,-40.12, 1.32, 80.85
148.64,diamond,-40.09, 1.32, 81.55
148.78,diamond,-40.04, 1.32, 82.25
148.92,diamond,-40.00, 1.32, 82.95
149.2081,location,-39.91, 1.32, 84.34
149.2746,shoot,-39.89, 1.32, 84.64
150.2146,location,-39.95, 1.33, 89.34
150.5307,jump,-39.92, 1.33, 90.93
151.2212,location,-39.78, 4.62, 93.62
152.18,diamond,-39.74, 1.33, 96.95
152.2,diamond,-39.72, 1.33, 97.04
152.22,diamond,-39.70, 1.33, 97.14
152.22,diamond,-39.70, 1.33, 97.14
152.2278,location,-39.70, 1.33, 97.14
152.34,diamond,-39.59, 1.33, 97.73
152.34,diamond,-39.59, 1.33, 97.73
152.36,diamond,-39.59, 1.33, 97.83
152.36,diamond,-39.59, 1.33, 97.83
152.38,diamond,-39.62, 1.33, 97.93
152.4,diamond,-39.66, 1.33, 98.02
152.46,diamond,-39.90, 1.33, 98.19
152.46,diamond,-39.90, 1.33, 98.19
153.2343,location,-39.81, 1.33, 97.39
154.2409,location,-40.25, 1.33, 96.48
154.3324,shoot,-40.25, 1.33, 96.48
155.2474,location,-39.89, 1.33, 97.81
155.4887,shoot,-39.89, 1.33, 97.81
156.254,location,-39.89, 1.33, 97.81
157.0859,shoot,-39.89, 1.33, 97.81
157.2605,location,-39.89, 1.33, 97.81
158.2671,location,-39.89, 1.33, 97.81
159.2737,location,-39.89, 1.33, 97.81
160.2803,location,-39.89, 1.33, 97.81
160.2886,shoot,-39.89, 1.33, 97.81
161.2868,location,-39.89, 1.33, 97.81
162.2934,location,-39.89, 1.33, 97.81
162.7426,shoot,-39.89, 1.33, 97.81
163.2999,location,-39.89, 1.33, 97.81
164.3065,location,-39.89, 1.33, 97.81
165.3131,location,-39.89, 1.33, 97.81
166.3188,location,-39.89, 1.33, 97.81
167.3244,location,-39.89, 1.33, 97.81
168.3299,location,-39.89, 1.33, 97.81
169.331,location,-39.89, 1.33, 97.81
170.3376,location,-39.89, 1.33, 97.81
171.3441,location,-39.89, 1.33, 97.81
172.3507,location,-39.89, 1.33, 97.81
172.7001,shoot,-39.89, 1.33, 97.81
173.3573,location,-39.88, 1.33, 96.31
173.7815,shoot,-39.55, 1.33, 94.21
174.3638,location,-38.87, 1.33, 92.33
174.6,diamond,-39.93, 1.33, 91.91
175.22,diamond,-42.82, 1.33, 92.61
175.28,diamond,-43.10, 1.33, 92.51
175.3704,location,-43.49, 1.33, 92.40
175.42,diamond,-43.76, 1.33, 92.44
175.64,diamond,-44.54, 1.33, 93.22
175.88,diamond,-45.43, 1.33, 93.77
176.12,diamond,-45.74, 1.33, 94.92
176.34,diamond,-46.43, 1.33, 95.67
176.377,location,-46.46, 1.33, 95.76
176.58,diamond,-46.74, 1.33, 96.83
176.8,diamond,-46.86, 1.33, 97.91
177.3835,location,-47.63, 1.33, 97.62
178.3901,location,-46.89, 1.33, 98.98
178.42,diamond,-46.72, 1.33, 99.09
178.64,diamond,-46.08, 1.33, 99.98
178.88,diamond,-45.43, 1.33, 100.99
179.06,diamond,-45.38, 1.33, 101.81
179.3,diamond,-44.47, 1.33, 102.58
179.3966,location,-44.12, 1.33, 102.76
179.46,diamond,-43.76, 1.33, 102.95
179.7,diamond,-42.70, 1.33, 103.50
179.84,diamond,-42.08, 1.33, 103.83
180.06,diamond,-41.05, 1.33, 104.20
180.22,diamond,-40.25, 1.33, 104.22
180.4036,location,-39.35, 1.33, 104.23
180.44,diamond,-39.15, 1.33, 104.22
180.64,diamond,-38.26, 1.33, 103.80
180.86,diamond,-37.28, 1.33, 103.49
181.02,diamond,-36.60, 1.33, 103.19
181.26,diamond,-35.57, 1.33, 102.77
181.4098,location,-35.18, 1.33, 102.29
181.46,diamond,-35.10, 1.33, 102.00
181.72,diamond,-34.51, 1.33, 100.95
182.02,diamond,-34.04, 1.33, 99.61
182.24,diamond,-33.92, 1.33, 98.52
182.4163,location,-33.84, 1.33, 97.72
182.46,diamond,-33.83, 1.33, 97.42
182.66,diamond,-33.79, 1.33, 96.42
182.86,diamond,-34.09, 1.33, 95.48
183.08,diamond,-34.66, 1.33, 94.55
183.26,diamond,-35.21, 1.33, 93.83
183.4062,shoot,-35.63, 1.33, 93.27
183.4229,location,-35.69, 1.33, 93.19
183.46,diamond,-35.83, 1.33, 93.05
184.4295,location,-40.25, 1.33, 92.03
184.58,diamond,-40.96, 1.33, 91.79
184.66,diamond,-41.29, 1.33, 91.57
185.436,location,-43.54, 1.33, 94.08
186.4426,location,-47.11, 1.33, 96.90
186.6422,jump,-48.11, 1.33, 96.83
187.4495,location,-52.05, 2.88, 97.40
188.0315,jump,-54.78, 1.35, 97.47
188.4557,location,-56.02, 3.36, 95.87
189.4622,location,-60.09, 1.35, 96.86
189.7118,jump,-60.36, 1.35, 96.00
190.4688,location,-60.42, 4.56, 92.35
191.4754,location,-60.22, 1.35, 94.22
191.4837,jump,-60.24, 1.35, 94.13
192.4819,location,-60.66, 7.37, 90.90
193.2223,jump,-62.62, 5.97, 88.35
193.4885,location,-63.28, 8.02, 88.35
194.4951,location,-64.27, 9.33, 85.11
194.84,diamond,-64.61, 9.33, 83.34
195.06,diamond,-64.92, 9.33, 82.29
195.34,diamond,-65.29, 9.33, 80.94
195.5016,location,-65.47, 9.33, 80.16
195.62,diamond,-65.59, 9.33, 79.57
195.98,diamond,-65.89, 9.33, 77.80
196.3,diamond,-66.14, 9.33, 76.22
196.5082,location,-66.07, 9.33, 75.23
196.64,diamond,-65.86, 9.33, 74.56
197.04,diamond,-65.51, 9.33, 72.62
197.5148,location,-65.81, 9.33, 70.34
197.58,lock no keygreenKey,-65.84, 9.33, 69.94
198.5213,location,-65.48, 9.33, 70.61
198.8707,jump,-65.24, 9.33, 72.28
199.5279,location,-65.17, 11.04, 75.58
200.5345,location,-64.38, 9.33, 80.46
201.26,diamond,-64.88, 9.33, 84.06
201.54,diamond,-64.95, 9.33, 85.46
201.5411,location,-64.95, 9.33, 85.46
202.5476,location,-67.85, 9.48, 88.74
203.2,lock no keyyellowKey,-68.10, 2.91, 89.39
203.5541,location,-68.10, 1.35, 89.39
204.5607,location,-65.71, 1.35, 92.97
205.5672,location,-65.57, 1.35, 93.84
205.9333,jump,-64.98, 1.35, 93.03
206.5738,location,-64.08, 4.67, 91.84
207.5804,location,-64.08, 1.35, 91.84
207.6386,jump,-64.08, 1.35, 91.84
208.587,location,-62.83, 5.83, 89.84
209.5935,location,-62.19, 5.69, 89.56
210.6001,location,-62.19, 5.41, 89.56
211.0493,jump,-63.01, 8.49, 88.37
211.6067,location,-64.22, 11.04, 86.47
212.6133,location,-65.23, 9.33, 87.68
213.6198,location,-64.53, 9.33, 87.01
214.6264,location,-65.61, 7.48, 88.91
215.6329,location,-64.69, 1.35, 89.97
216.1403,jump,-63.95, 1.35, 91.45
216.6395,location,-62.64, 5.16, 90.67
217.646,location,-61.96, 6.39, 90.84
218.6526,location,-61.96, 4.57, 90.84
219.2099,jump,-62.41, 8.49, 90.19
219.6591,location,-63.54, 11.46, 88.32
220.6657,location,-63.84, 9.33, 86.44
221.6723,location,-65.04, 9.33, 86.86
222.6788,location,-65.21, 9.06, 89.04
223.6854,location,-65.58, 1.35, 90.22
224.2095,jump,-64.77, 1.35, 90.68
224.692,location,-62.55, 4.39, 90.04
225.6985,location,-61.15, 7.23, 90.09
225.9232,jump,-61.94, 5.55, 89.66
226.7051,location,-62.83, 9.33, 87.74
227.7116,location,-64.34, 9.33, 87.21
228.7182,location,-65.96, 9.52, 88.66
229.1175,jump,-67.94, 9.28, 88.68
229.7248,location,-70.28, 11.16, 87.77
230.22,diamond,-72.09, 9.60, 86.07
230.36,diamond,-72.69, 9.33, 85.71
230.62,diamond,-73.93, 9.33, 85.36
230.64,diamond,-74.03, 9.33, 85.36
230.7313,location,-74.43, 9.33, 85.40
230.92,diamond,-75.43, 9.33, 85.49
230.94,diamond,-75.53, 9.33, 85.50
231.24,diamond,-76.94, 9.33, 85.30
231.3,diamond,-77.23, 9.33, 85.38
231.7379,location,-77.04, 9.33, 85.95
231.84,diamond,-76.47, 9.33, 86.12
232.6114,jump,-75.99, 9.33, 87.49
232.7445,location,-76.03, 10.57, 88.19
233.751,location,-76.27, 10.93, 93.18
233.76,diamond,-76.27, 10.78, 93.28
234.14,diamond,-76.20, 9.93, 94.37
234.46,diamond,-75.94, 10.08, 95.94
234.7576,location,-76.01, 10.01, 97.34
234.76,diamond,-76.01, 10.01, 97.44
235.14,diamond,-76.14, 10.05, 99.33
235.48,diamond,-76.35, 9.93, 101.01
235.7642,location,-76.99, 9.98, 102.25
235.86,diamond,-77.31, 10.00, 102.63
236.7707,location,-77.36, 10.05, 103.17
237.7773,location,-75.28, 9.82, 101.98
238.7838,location,-75.09, 9.90, 101.31
239.7904,location,-73.61, 6.23, 96.74
240.797,location,-72.98, 1.35, 99.06
240.8302,jump,-72.90, 1.35, 99.24
241.8035,location,-70.89, 3.89, 103.69
242.24,lock unlockedredKey,-70.50, 1.35, 105.84
242.8101,location,-69.90, 1.35, 106.88
243.8167,location,-69.88, 1.35, 107.08
244.8232,location,-66.56, 1.35, 109.37
244.88,diamond,-66.33, 1.35, 109.57
245.8298,location,-62.09, 1.35, 111.15
246.26,diamond,-61.22, 1.35, 112.90
246.8365,location,-61.57, 1.35, 115.40
247.6765,shoot,-63.98, 1.35, 118.26
247.68,diamond,-64.08, 1.35, 118.26
247.768,jump,-64.48, 1.35, 118.27
247.8429,location,-64.88, 2.10, 118.29
248.8495,location,-66.73, 3.32, 120.00
249.4235,jump,-67.08, 1.35, 122.66
249.856,location,-66.55, 4.16, 124.69
250.5,diamond,-66.27, 3.23, 127.50
250.8626,location,-67.30, 1.35, 128.97
250.88,diamond,-67.38, 1.35, 129.03
251.18,diamond,-68.61, 1.35, 129.85
251.68,diamond,-70.68, 1.35, 129.22
251.8692,location,-71.56, 1.35, 129.27
252.18,diamond,-72.79, 1.35, 128.30
252.42,diamond,-72.71, 1.35, 127.16
252.8757,location,-73.29, 1.35, 125.14
253.2168,jump,-72.15, 1.35, 123.92
253.8823,location,-70.19, 4.71, 121.46
254.8888,location,-69.64, 6.03, 116.74
255.8954,location,-69.64, 6.03, 116.74
256.9021,location,-69.64, 6.03, 116.74
257.9085,location,-69.23, 6.08, 116.30
257.9917,jump,-69.62, 6.05, 116.39
258.9151,location,-72.15, 8.87, 117.72
258.98,diamond,-72.47, 8.52, 117.96
259,diamond,-72.55, 8.41, 118.01
259.1,diamond,-72.96, 7.80, 118.31
259.2,diamond,-73.28, 7.04, 118.54
259.6805,jump,-73.28, 6.50, 118.54
259.9217,location,-73.25, 8.42, 118.94
260.24,diamond,-73.70, 9.64, 120.48
260.26,diamond,-73.73, 9.66, 120.57
260.52,diamond,-73.73, 9.44, 120.57
260.7,diamond,-73.80, 8.69, 120.86
260.9282,location,-73.94, 8.18, 121.45
261.1695,jump,-73.94, 8.18, 121.45
261.58,diamond,-73.48, 11.02, 122.77
261.6,diamond,-73.44, 11.09, 122.86
261.6,diamond,-73.44, 11.09, 122.86
261.72,diamond,-73.25, 11.38, 123.43
261.9348,location,-73.16, 11.39, 123.72
262.7,diamond,-72.67, 10.55, 123.52
262.7,diamond,-72.67, 10.55, 123.52
262.78,diamond,-72.29, 10.58, 123.65
262.9414,location,-71.54, 10.60, 123.93
263.38,diamond,-70.60, 10.49, 124.27
263.38,diamond,-70.60, 10.49, 124.27
263.52,diamond,-70.00, 10.49, 124.22
263.9479,location,-69.88, 10.36, 124.61
264.0061,jump,-69.84, 10.09, 124.91
264.92,green key,-69.41, 12.83, 129.47
264.9545,location,-69.45, 12.75, 129.56
265.8113,jump,-69.18, 11.73, 127.63
265.9611,location,-69.13, 13.13, 126.83
266.2189,shoot,-69.06, 14.51, 125.64
266.9676,location,-69.63, 13.15, 122.11
267.7911,shoot,-69.68, 6.13, 118.01
267.9742,location,-69.71, 6.00, 117.11
268.9805,location,-69.78, 6.08, 114.61
269.9867,location,-69.78, 6.08, 114.61
270.9922,location,-69.78, 6.08, 114.61
271.9978,location,-69.78, 6.08, 114.61
273.0033,location,-69.78, 6.08, 114.61
274.0089,location,-69.78, 6.08, 114.61
275.0144,location,-69.78, 6.08, 114.61
276.02,location,-69.78, 6.08, 114.61
277.0255,location,-69.78, 6.08, 114.61
278.031,location,-69.78, 6.08, 114.61
279.0366,location,-69.78, 6.08, 114.61
280.0421,location,-69.78, 6.08, 114.61
281.0477,location,-69.78, 6.08, 114.61
282.0532,location,-69.78, 6.08, 114.61
283.0587,location,-69.78, 6.08, 114.61
284.0643,location,-69.78, 6.08, 114.61
285.0698,location,-69.78, 6.08, 114.61
286.0753,location,-69.78, 6.08, 114.61
287.0809,location,-69.78, 6.08, 114.61
288.0865,location,-69.78, 6.08, 114.61
289.092,location,-69.78, 6.08, 114.61
290.0975,location,-69.78, 6.08, 114.61
291.1031,location,-69.78, 6.08, 114.61
292.1086,location,-69.78, 6.08, 114.61
293.1141,location,-69.78, 6.08, 114.61
294.1197,location,-69.78, 6.08, 114.61
295.1252,location,-69.78, 6.08, 114.61
296.1308,location,-69.78, 6.08, 114.61
297.1363,location,-69.78, 6.08, 114.61
298.1418,location,-69.78, 6.08, 114.61
299.1474,location,-69.78, 6.08, 114.61
300.1529,location,-69.78, 6.08, 114.61
301.1585,location,-69.78, 6.08, 114.61
302.164,location,-69.78, 6.08, 114.61
303.1696,location,-69.78, 6.08, 114.61
304.1751,location,-69.78, 6.08, 114.61
305.1806,location,-69.78, 6.08, 114.61
306.1862,location,-69.78, 6.08, 114.61
307.1917,location,-69.78, 6.08, 114.61
308.1972,location,-69.78, 6.08, 114.61
309.2028,location,-69.78, 6.08, 114.61
310.2083,location,-69.78, 6.08, 114.61
311.2139,location,-69.78, 6.08, 114.61
312.2194,location,-69.78, 6.08, 114.61
313.2249,location,-69.78, 6.08, 114.61
314.2305,location,-69.78, 6.08, 114.61
315.236,location,-69.78, 6.08, 114.61
316.2416,location,-69.78, 6.08, 114.61
317.2471,location,-69.78, 6.08, 114.61
318.2524,location,-69.78, 6.08, 114.61
319.2589,location,-69.78, 6.08, 114.61
320.2655,location,-69.78, 6.08, 114.61
321.272,location,-69.78, 6.08, 114.61
322.2786,location,-69.78, 6.08, 114.61
323.2852,location,-69.78, 6.08, 114.61
324.2918,location,-69.78, 6.08, 114.61
325.2983,location,-69.78, 6.08, 114.61
326.3049,location,-69.78, 6.08, 114.61
327.3115,location,-69.78, 6.08, 114.61
328.318,location,-69.78, 6.08, 114.61
329.3245,location,-69.78, 6.08, 114.61
330.33,location,-69.78, 6.08, 114.61
331.3356,location,-69.78, 6.08, 114.61
332.3411,location,-69.78, 6.08, 114.61
333.3467,location,-69.78, 6.08, 114.61
334.3522,location,-69.78, 6.08, 114.61
335.3578,location,-69.78, 6.08, 114.61
336.3633,location,-69.78, 6.08, 114.61
337.3688,location,-69.78, 6.08, 114.61
338.3752,location,-69.78, 6.08, 114.61
339.3818,location,-69.78, 6.08, 114.61
340.3884,location,-69.78, 6.08, 114.61
341.395,location,-69.78, 6.08, 114.61
342.4013,location,-69.78, 6.08, 114.61
343.4069,location,-69.78, 6.08, 114.61
344.4124,location,-69.78, 6.08, 114.61
345.4179,location,-69.78, 6.08, 114.61
346.4235,location,-69.78, 6.08, 114.61
347.429,location,-69.78, 6.08, 114.61
348.4346,location,-69.78, 6.08, 114.61
349.4401,location,-69.78, 6.08, 114.61
350.4456,location,-69.78, 6.08, 114.61
351.4512,location,-69.78, 6.08, 114.61
352.4567,location,-69.78, 6.08, 114.61
353.4623,location,-69.78, 6.08, 114.61
354.4678,location,-69.78, 6.08, 114.61
355.4734,location,-69.78, 6.08, 114.61
356.4789,location,-69.78, 6.08, 114.61
357.4844,location,-69.78, 6.08, 114.61
358.49,location,-69.78, 6.08, 114.61
359.4955,location,-69.78, 6.08, 114.61
360.501,location,-69.78, 6.08, 114.61
361.5066,location,-69.78, 6.08, 114.61
362.5121,location,-69.78, 6.08, 114.61
363.5177,location,-69.78, 6.08, 114.61
364.5232,location,-69.78, 6.08, 114.61
365.5287,location,-69.78, 6.08, 114.61
366.5343,location,-69.78, 6.08, 114.61
367.5398,location,-69.78, 6.08, 114.61
368.5454,location,-69.78, 6.08, 114.61
369.5509,location,-69.78, 6.08, 114.61
370.5565,location,-69.78, 6.08, 114.61
371.562,location,-69.78, 6.08, 114.61
372.5675,location,-69.78, 6.08, 114.61
373.5731,location,-69.78, 6.08, 114.61
374.5786,location,-69.78, 6.08, 114.61
375.5842,location,-69.78, 6.08, 114.61
376.5897,location,-69.78, 6.08, 114.61
377.5952,location,-69.78, 6.08, 114.61
378.6008,location,-69.78, 6.08, 114.61
379.6063,location,-69.78, 6.08, 114.61
380.6094,location,-69.78, 6.08, 114.61
381.6159,location,-69.78, 6.08, 114.61
382.6225,location,-69.78, 6.08, 114.61
383.6291,location,-69.78, 6.08, 114.61
383.9452,shoot,-69.78, 6.08, 114.61
384.6356,location,-70.53, 5.57, 115.73
385.6422,location,-70.84, 3.77, 111.40
385.9832,shoot,-70.78, 1.35, 109.70
386.6487,location,-70.46, 1.35, 106.45
387.6553,location,-71.93, 1.35, 101.98
388.6619,location,-70.49, 1.35, 100.88
388.8449,jump,-69.60, 1.35, 100.87
389.6684,location,-67.45, 4.39, 97.94
390.675,location,-64.13, 1.35, 97.77
391.2074,jump,-63.16, 1.35, 95.46
391.6817,location,-62.92, 4.38, 93.07
392.6299,jump,-62.93, 8.63, 90.40
392.6881,location,-63.16, 9.26, 90.20
393.6947,location,-64.47, 10.76, 88.09
394.7013,location,-65.02, 9.33, 83.04
394.7262,jump,-65.02, 9.33, 82.94
395.7078,location,-65.04, 10.26, 78.04
396.4898,shoot,-65.22, 9.33, 74.15
396.7144,location,-65.43, 9.33, 73.07
397.32,lock unlockedgreenKey,-65.65, 9.33, 69.98
397.7209,location,-65.61, 9.33, 68.38
398.7275,location,-65.70, 9.33, 69.08
399.52,diamond,-63.15, 9.33, 67.00
399.54,diamond,-63.05, 9.33, 66.99
399.7341,location,-62.16, 9.33, 66.85
399.76,diamond,-61.98, 9.33, 66.78
399.78,diamond,-61.88, 9.33, 66.74
399.78,diamond,-61.88, 9.33, 66.74
399.96,diamond,-61.17, 9.33, 66.20
400,diamond,-61.04, 9.33, 66.04
400.14,diamond,-61.31, 9.33, 65.54
400.16,diamond,-61.40, 9.33, 65.50
400.7406,location,-63.93, 9.33, 64.45
401.2,diamond,-64.82, 9.33, 62.55
401.3978,jump,-65.69, 9.33, 62.31
401.54,diamond,-66.48, 10.74, 62.18
401.7472,location,-67.47, 11.04, 62.02
402.1,diamond,-69.25, 11.02, 61.80
402.56,diamond,-71.55, 9.34, 61.87
402.7538,location,-72.45, 9.34, 61.88
402.7704,jump,-72.55, 9.34, 61.88
402.94,diamond,-73.45, 10.89, 61.87
403.5,diamond,-76.25, 10.99, 61.80
403.7603,location,-77.55, 10.19, 61.76
403.96,diamond,-78.55, 9.34, 61.73
404.0598,jump,-78.95, 9.34, 61.72
404.3,diamond,-80.24, 11.04, 61.67
404.7669,location,-82.54, 11.02, 61.59
404.98,yellow key,-83.64, 10.50, 61.53
405.7734,location,-82.00, 9.34, 60.81
405.7901,jump,-81.90, 9.34, 60.83
406.78,location,-76.91, 10.19, 60.75
406.7967,shoot,-76.91, 10.19, 60.75
407.196,jump,-74.93, 9.34, 60.75
407.7866,location,-72.06, 11.04, 61.47
408.0445,shoot,-70.76, 10.76, 61.53
408.7931,location,-67.39, 9.34, 62.49
409.7948,location,-66.57, 9.33, 67.29
410.3682,jump,-66.17, 9.33, 70.16
410.5178,shoot,-66.05, 10.57, 70.85
410.8004,location,-65.75, 11.04, 72.32
411.6563,jump,-65.10, 9.33, 76.45
411.8059,location,-65.07, 10.74, 77.25
412.8115,location,-64.99, 9.33, 82.25
413.8177,location,-64.13, 9.33, 87.11
414.8242,location,-71.24, 9.52, 91.42
415.8307,location,-72.68, 1.35, 91.20
416.4,lock unlockedyellowKey,-70.71, 1.35, 89.42
416.8373,location,-70.30, 1.35, 88.30
417.6858,jump,-70.12, 1.35, 88.69
417.8439,location,-70.14, 2.74, 87.89
418.64,diamond,-69.38, 3.21, 84.53
418.8504,location,-69.92, 2.00, 83.69
419.857,location,-74.02, 1.33, 80.91
420.1731,jump,-75.05, 1.33, 79.82
420.52,diamond,-76.19, 3.99, 78.63
420.6,diamond,-76.50, 4.31, 78.37
420.62,diamond,-76.57, 4.37, 78.30
420.62,diamond,-76.57, 4.37, 78.30
420.64,diamond,-76.65, 4.43, 78.24
420.66,diamond,-76.72, 4.48, 78.17
420.7,diamond,-76.88, 4.57, 78.04
420.72,diamond,-76.95, 4.61, 77.98
420.76,diamond,-77.03, 4.66, 77.92
420.76,diamond,-77.03, 4.66, 77.92
420.8636,location,-77.03, 4.68, 77.92
421,diamond,-77.03, 4.46, 77.92
421.04,diamond,-77.03, 4.35, 77.92
421.04,diamond,-77.03, 4.35, 77.92
421.14,diamond,-77.03, 3.95, 77.92
421.18,diamond,-77.21, 3.75, 77.83
421.18,diamond,-77.21, 3.75, 77.83
421.22,diamond,-77.39, 3.52, 77.75
421.26,diamond,-77.58, 3.27, 77.67
421.28,diamond,-77.67, 3.14, 77.63
421.28,diamond,-77.67, 3.14, 77.63
421.3,diamond,-77.76, 3.00, 77.59
421.38,diamond,-78.14, 2.38, 77.45
421.38,diamond,-78.14, 2.38, 77.45
421.8701,location,-79.56, 2.04, 79.15
422.3526,shoot,-81.11, 1.33, 80.98
422.8434,jump,-81.88, 1.33, 82.03
422.8767,location,-81.88, 1.52, 82.03
423.8832,location,-84.22, 3.45, 83.88
424.7983,jump,-84.22, 1.33, 83.88
424.8899,location,-83.98, 2.26, 83.70
425.0728,shoot,-83.30, 3.55, 83.11
425.8964,location,-82.79, 3.32, 82.80
426.903,location,-80.78, 1.33, 80.59
427.0028,jump,-80.45, 1.33, 80.22
427.9095,location,-78.94, 4.10, 78.49
428.5002,jump,-78.01, 2.05, 75.86
428.9161,location,-77.80, 4.77, 73.87
429.8,diamond,-76.10, 2.98, 70.14
429.9226,location,-76.10, 2.98, 70.14
430.2637,jump,-75.59, 3.30, 69.41
430.9292,location,-77.04, 6.53, 66.83
431.9,hold button enter,-81.71, 5.33, 65.47
431.9358,location,-81.80, 5.33, 65.45
432.9423,location,-82.47, 5.33, 66.41
433.18,hold button leave,-81.75, 5.33, 66.50
433.4747,jump,-80.36, 5.33, 66.29
433.9489,location,-77.99, 8.40, 65.97
434.9554,location,-75.39, 5.33, 65.80
435.962,location,-79.79, 5.33, 66.06
436.36,hold button enter,-81.74, 5.33, 65.90
436.9686,location,-82.69, 5.33, 65.11
437.9752,location,-82.69, 5.33, 65.11
438.9817,location,-82.69, 5.33, 65.11
439.0566,shoot,-82.69, 5.33, 65.11
439.9883,location,-82.69, 5.33, 65.11
440.9948,location,-82.69, 5.33, 65.11
442.0014,location,-83.59, 5.33, 65.15
442.1844,shoot,-83.59, 5.33, 65.15
443.008,location,-83.59, 5.33, 65.15
444.0145,location,-83.59, 5.33, 65.15
445.0211,location,-83.59, 5.33, 65.15
445.462,shoot,-83.59, 5.33, 65.15
446.0276,location,-83.59, 5.33, 65.15
447.0342,location,-83.59, 5.33, 65.15
447.6581,shoot,-83.59, 5.33, 65.15
448.0408,location,-83.59, 5.33, 65.15
449.0473,location,-83.59, 5.33, 65.15
450.0539,location,-83.59, 5.33, 65.15
450.5863,shoot,-83.59, 5.33, 65.15
451.0605,location,-83.59, 5.33, 65.15
451.44,pole sphere activated,-83.59, 5.33, 65.15
452.067,location,-83.59, 5.33, 65.15
452.62,hold button leave,-81.39, 5.33, 65.81
453.0736,location,-79.28, 5.33, 66.44
454.0801,location,-76.15, 3.20, 69.41
455.0867,location,-76.23, 1.33, 74.40
456.0933,location,-78.27, 1.33, 74.96
457.0999,location,-80.32, 1.33, 76.72
457.7321,shoot,-80.34, 1.33, 76.82
457.96,pole sphere activated,-80.34, 1.33, 76.82
458.1064,location,-80.34, 1.33, 76.82
459.113,location,-79.96, 1.33, 78.68
459.4624,jump,-79.96, 1.33, 79.57
460.1195,location,-77.42, 4.55, 81.44
461.1261,location,-75.63, 1.33, 82.32
462.1327,location,-74.01, 1.33, 82.83
463.1226,shoot,-74.01, 1.33, 82.83
463.1393,location,-74.01, 1.33, 82.83
463.36,pole sphere activated,-74.01, 1.33, 82.83
464.1458,location,-73.79, 1.33, 81.17
464.5118,jump,-74.46, 1.33, 79.61
465.1523,location,-76.03, 4.63, 78.38
465.72,diamond,-77.25, 2.32, 77.34
465.72,diamond,-77.25, 2.32, 77.34
466.1589,location,-78.31, 2.05, 76.77
467.166,location,-79.13, 2.05, 76.20
468.1721,location,-79.13, 2.05, 76.20
469.1786,location,-79.13, 2.05, 76.20
470.1852,location,-79.13, 2.05, 76.20
470.7259,jump,-79.13, 2.05, 76.20
471.1834,shoot,-79.13, 5.01, 76.20
471.1917,location,-79.13, 5.01, 76.20
472.1983,location,-79.13, 2.05, 76.20
473.2049,location,-79.13, 2.05, 76.20
473.8205,jump,-79.13, 2.05, 76.20
474.1449,shoot,-79.13, 4.42, 76.20
474.2115,location,-79.13, 4.69, 76.20
474.6,pole sphere activated,-79.13, 5.13, 76.20
475.218,location,-79.13, 6.69, 76.20
476.2245,location,-79.13, 5.41, 76.20
477.1,diamond,-78.70, 5.57, 76.45
477.18,diamond,-78.39, 6.21, 76.70
477.18,diamond,-78.39, 6.21, 76.70
477.22,diamond,-78.24, 6.53, 76.83
477.22,diamond,-78.24, 6.53, 76.83
477.2311,location,-78.24, 6.53, 76.83
477.28,diamond,-78.10, 7.01, 76.98
477.28,diamond,-78.10, 7.01, 76.98
477.3,diamond,-78.10, 7.17, 76.98
477.34,diamond,-78.10, 7.49, 76.98
477.34,diamond,-78.10, 7.49, 76.98
477.6,blue key,-78.10, 9.57, 76.98
478.2377,location,-78.10, 5.73, 76.98
479.2443,location,-75.63, 1.33, 81.32
480.2508,location,-72.61, 1.33, 85.12
481.2574,location,-70.87, 1.35, 88.93
481.5152,jump,-71.62, 1.35, 90.00
482.2639,location,-73.87, 4.63, 93.06
483.2705,location,-77.52, 1.35, 96.27
483.32,lock unlockedblueKey,-77.68, 1.35, 96.49
484.2771,location,-76.75, 1.35, 97.35
485.0341,shoot,-80.05, 1.40, 97.42
485.1505,jump,-80.65, 1.40, 97.45
485.2836,location,-81.34, 2.65, 97.49
486.0822,shoot,-85.34, 2.53, 97.72
486.2902,location,-86.34, 1.40, 97.77
487.0388,jump,-90.04, 1.27, 97.83
487.2968,location,-91.34, 3.15, 97.87
487.54,game end,-92.63, 3.24, 97.91
611.4784,ankieta PO_fajna_wysoki_za dużo informacji_wysoki_niski_nie_nie,-92.63, 3.24, 97.91
611.4784,Ale gówno. Synu zacznij szukac normalnej pracy jak twoj wujek MAciek. Jezdzi szambowozem i zarabia druga wyplate pompujac szambo na lewo. - Matka Jastrzembia ,-92.63, 3.24, 97.91
