czas,bzdura,x,y,z
46.95375,ankieta PRZED_średni_minimalna ilość informacji,0.00, 2.95, 0.00
48.68707,False,0.00, 2.95, 0.00
48.68707,location,0.00, 2.95, 0.00
49.70369,location,0.00, 2.17, 0.00
50.7037,location,0.21, 2.17, 1.36
51.28,diamond,-0.01, 2.17, 3.98
51.72039,location,-0.01, 2.17, 6.17
51.86,diamond,-0.06, 2.17, 6.87
52.52,diamond,-0.30, 2.21, 10.16
52.72039,location,-0.35, 2.20, 11.16
53.22,diamond,-0.06, 2.17, 13.54
53.7204,location,-0.21, 2.20, 16.03
53.94,diamond,-0.58, 2.10, 17.04
54.72041,location,-0.54, 1.47, 18.92
55.64,diamond,-0.51, -2.68, 23.32
55.72042,location,-0.43, -2.68, 23.67
56.28,diamond,-3.04, -2.68, 23.80
56.72043,location,-5.09, -2.68, 23.83
57.12,diamond,-7.06, -2.68, 24.08
57.73711,location,-8.06, -2.68, 21.73
57.84,diamond,-7.82, -2.68, 21.18
58.66,diamond,-7.72, -2.68, 17.41
58.73712,location,-7.85, -2.68, 17.14
59.46,diamond,-7.66, -2.68, 13.70
59.73712,location,-7.75, -2.68, 12.45
60.75381,location,-7.68, -2.68, 12.18
61.77049,location,-6.55, -2.68, 15.14
62.78716,location,-3.31, -2.68, 15.91
63.2,diamond,-1.60, -2.68, 14.70
63.22,diamond,-1.55, -2.68, 14.62
63.4,diamond,-1.09, -2.68, 13.85
63.4,diamond,-1.09, -2.68, 13.85
63.6,diamond,-0.58, -2.68, 12.99
63.74,diamond,-0.61, -2.68, 12.33
63.74,diamond,-0.61, -2.68, 12.33
63.80384,location,-0.60, -2.68, 12.05
63.92,diamond,-0.25, -2.68, 11.56
63.92,diamond,-0.25, -2.68, 11.56
63.94,diamond,-0.18, -2.68, 11.49
64.56,diamond,1.12, -2.68, 12.05
64.56,diamond,1.12, -2.68, 12.05
64.82049,location,0.45, -2.68, 13.05
64.86,diamond,0.42, -2.68, 13.25
65.02,diamond,0.28, -2.68, 14.03
65.04,diamond,0.27, -2.68, 14.13
65.24,diamond,0.25, -2.68, 15.08
65.42,diamond,0.44, -2.68, 15.89
65.43999,diamond,0.42, -2.68, 15.98
65.5,diamond,0.34, -2.68, 16.27
65.5,diamond,0.34, -2.68, 16.27
65.8205,location,-0.70, -2.68, 16.64
66.82053,location,-3.58, -2.68, 17.10
67.82054,location,-2.85, -2.68, 21.53
68.83721,location,1.20, -2.68, 23.80
69.2,diamond,3.00, -2.68, 23.76
69.8539,location,6.07, -2.68, 24.35
69.96,diamond,6.60, -2.68, 24.08
70.64,diamond,7.72, -2.68, 21.16
70.87054,location,8.03, -2.68, 20.20
71.42,diamond,8.07, -2.68, 17.49
71.87057,location,8.03, -2.68, 15.29
72.18,diamond,8.01, -2.68, 13.69
72.87057,location,6.60, -2.68, 13.70
73.88723,location,5.78, -2.68, 18.44
74.88726,location,2.57, -2.68, 22.02
75.13725,jump,1.84, -2.68, 22.97
75.90391,location,-0.46, 0.56, 25.42
76.80391,jump,-1.56, -2.68, 25.43
76.90395,location,-1.44, -1.78, 25.43
77.90395,location,-1.18, -0.97, 25.42
78.90398,location,-1.92, -2.68, 21.42
79.87063,jump,-4.08, -2.68, 17.52
79.92064,location,-4.01, -2.11, 17.23
80.92065,location,-2.84, -0.61, 14.15
81.55399,jump,-2.68, -0.18, 11.27
81.9373,location,-2.19, 2.53, 9.50
82.93734,location,-0.53, 2.27, 10.01
83.95399,location,0.23, 2.17, 14.65
84.92066,jump,1.03, 1.43, 19.23
84.95401,location,1.04, 1.62, 19.32
85.12,diamond,1.08, 3.08, 20.22
85.92,diamond,0.83, 3.68, 24.13
85.95402,location,0.77, 3.57, 24.22
86.38,diamond,0.62, 1.32, 26.15
86.95403,location,-0.32, 1.32, 27.05
87.72068,jump,-0.14, 1.07, 25.56
87.9707,location,-0.09, 2.97, 24.36
88.14,diamond,-0.10, 3.84, 23.46
88.9707,location,-0.30, 1.62, 19.37
89.97072,location,-0.10, 1.43, 18.40
90.9874,location,0.08, 1.66, 17.23
91.97074,jump,0.24, 0.28, 20.12
92.00407,location,0.26, 0.66, 20.32
93.00407,location,0.23, 2.46, 25.32
94.02073,location,-0.31, 1.32, 26.22
94.52,diamond,0.02, 1.32, 28.28
95.02076,location,0.06, 1.32, 30.66
95.18,diamond,-0.07, 1.32, 31.40
95.92,diamond,-0.25, 1.32, 34.84
96.03744,location,-0.62, 1.32, 35.17
96.6,diamond,-2.91, 1.32, 33.86
96.72,diamond,-3.11, 1.32, 33.30
96.74,diamond,-3.13, 1.32, 33.20
96.82,diamond,-2.90, 1.32, 32.87
97,diamond,-2.98, 1.32, 32.08
97.05408,location,-3.13, 1.32, 31.95
97.68744,jump,-4.40, 1.32, 33.06
98.05409,location,-5.27, 3.92, 32.52
98.24,diamond,-6.02, 4.51, 31.86
98.24,diamond,-6.02, 4.51, 31.86
98.28,diamond,-6.18, 4.56, 31.74
98.28,diamond,-6.18, 4.56, 31.74
98.52,diamond,-7.21, 4.33, 31.92
98.57999,diamond,-7.49, 4.33, 31.94
98.6,diamond,-7.59, 4.38, 31.92
98.66,diamond,-7.76, 4.48, 31.71
98.82,diamond,-8.20, 4.72, 31.08
98.90412,jump,-8.29, 4.76, 31.26
98.96,diamond,-8.37, 5.32, 31.44
99,diamond,-8.37, 5.67, 31.44
99.05414,location,-8.54, 5.99, 31.34
99.12,diamond,-8.68, 6.56, 30.98
99.16,diamond,-8.63, 6.80, 30.79
99.42,diamond,-8.09, 6.99, 29.63
99.9,diamond,-7.94, 6.09, 30.30
99.96,diamond,-7.76, 5.75, 30.38
100.04,diamond,-7.40, 5.21, 30.28
100.0708,location,-7.31, 5.06, 30.23
100.4208,jump,-6.95, 4.12, 30.13
100.84,diamond,-6.97, 6.89, 31.23
101.0709,location,-6.97, 6.99, 31.43
102.0875,location,-6.46, 2.72, 35.73
102.2041,jump,-6.99, 2.79, 35.93
103.06,diamond,-7.72, 5.67, 39.68
103.0875,location,-7.80, 5.60, 39.74
103.26,diamond,-8.18, 4.75, 39.73
103.42,diamond,-8.18, 3.58, 39.73
103.56,normal button enter,-8.10, 2.25, 39.92
104.1042,location,-5.61, 1.32, 40.19
105.1042,location,-1.75, 1.32, 42.31
105.24,diamond,-1.08, 1.32, 42.51
105.82,diamond,-0.72, 1.32, 40.07
106.1208,location,0.22, 1.32, 39.03
107.1209,location,4.08, 1.30, 36.23
107.5375,jump,5.51, 1.30, 34.84
108.1,diamond,7.43, 4.58, 32.66
108.1375,location,7.49, 4.60, 32.58
108.16,diamond,7.60, 4.63, 32.42
108.54,diamond,7.78, 3.70, 32.17
108.72,normal button enter,7.92, 2.50, 31.91
109.1375,location,8.41, 1.32, 31.04
110.1376,location,7.83, 1.32, 33.59
111.1376,location,4.26, 1.30, 36.94
111.1876,jump,3.99, 1.30, 37.06
112.1542,location,-0.51, 3.85, 38.25
113.1543,location,-0.46, 1.32, 41.62
113.6709,jump,-0.25, 1.32, 44.11
114.1709,location,0.34, 3.23, 45.64
115.1876,location,-0.15, 1.32, 50.47
115.3,diamond,-0.21, 1.32, 51.06
115.96,diamond,-1.04, 1.32, 54.20
116.1876,location,-1.60, 1.32, 55.15
116.5,diamond,-2.86, 1.32, 55.75
117.06,diamond,-5.48, 1.32, 56.12
117.2043,location,-4.87, 1.32, 56.35
118.221,location,-0.78, 1.32, 55.62
119.2376,location,3.80, 1.32, 56.53
120.2376,location,8.54, 1.32, 56.52
120.2876,jump,8.83, 1.32, 56.45
121.2377,location,12.13, 3.95, 54.26
122.1876,jump,14.75, 1.32, 50.88
122.2543,location,14.85, 1.88, 50.60
123.271,location,16.15, 3.21, 47.06
123.6,red key,15.66, 1.32, 45.49
124.2544,jump,15.80, 1.32, 44.45
124.271,location,15.71, 1.51, 44.42
125.2877,location,15.95, 3.55, 43.46
126.2877,location,14.86, 1.32, 43.63
127.3043,location,14.68, 1.32, 43.30
128.3044,location,14.68, 1.32, 43.85
128.6544,jump,14.64, 1.32, 44.07
129.321,location,14.61, 4.62, 44.89
130.121,jump,14.61, 1.32, 44.38
130.3211,location,14.61, 2.97, 44.38
131.3377,location,15.32, 2.22, 42.92
132.3544,location,15.16, 1.32, 45.09
133.3544,location,15.16, 1.32, 49.94
134.3711,location,13.16, 1.32, 53.82
135.3877,location,8.59, 1.32, 54.58
136.3878,location,3.81, 1.32, 54.32
137.3878,location,0.84, 1.32, 51.62
138.3878,location,-1.86, 1.32, 54.28
139.4045,location,-6.44, 1.32, 55.71
139.92,diamond,-8.65, 1.32, 56.72
140.4045,location,-10.76, 1.32, 56.17
140.7,diamond,-12.16, 1.32, 56.08
141.4212,location,-14.61, 1.32, 54.86
141.58,diamond,-14.73, 1.32, 54.07
141.6,diamond,-14.80, 1.32, 54.00
141.78,diamond,-15.47, 1.32, 53.40
141.8,diamond,-15.55, 1.32, 53.33
141.82,diamond,-15.62, 1.32, 53.26
142,diamond,-15.94, 1.32, 52.50
142,diamond,-15.94, 1.32, 52.50
142.02,diamond,-15.95, 1.32, 52.40
142.02,diamond,-15.95, 1.32, 52.40
142.4378,location,-15.69, 1.32, 50.46
142.46,diamond,-15.78, 1.32, 50.29
142.48,diamond,-15.83, 1.32, 50.20
142.64,diamond,-15.90, 1.32, 49.46
142.7,diamond,-15.81, 1.32, 49.17
142.72,diamond,-15.78, 1.32, 49.08
142.94,diamond,-15.46, 1.32, 48.03
142.96,diamond,-15.43, 1.32, 47.93
143.34,diamond,-15.46, 1.32, 46.08
143.36,diamond,-15.48, 1.32, 45.98
143.4378,location,-15.40, 1.32, 45.71
143.58,diamond,-15.01, 1.32, 45.02
143.68,diamond,-14.94, 1.32, 44.54
143.7,diamond,-14.98, 1.32, 44.45
143.88,diamond,-15.78, 1.32, 44.10
143.88,diamond,-15.78, 1.32, 44.10
143.94,diamond,-16.03, 1.32, 43.96
144.4378,location,-17.50, 1.32, 43.87
144.54,diamond,-17.49, 1.32, 44.47
145.1,diamond,-17.43, 1.32, 47.27
145.12,diamond,-17.43, 1.32, 47.37
145.4545,location,-17.36, 1.32, 48.64
145.66,diamond,-18.45, 1.29, 48.75
145.68,diamond,-18.55, 1.29, 48.76
145.9,diamond,-19.45, 1.29, 49.18
146.02,diamond,-19.46, 1.29, 48.59
146.04,diamond,-19.42, 1.29, 48.50
146.4545,location,-19.07, 1.29, 46.68
146.6,diamond,-19.24, 1.29, 45.90
146.64,diamond,-19.30, 1.29, 45.71
146.72,diamond,-19.29, 1.29, 45.34
146.74,diamond,-19.26, 1.29, 45.24
146.8,diamond,-19.17, 1.29, 44.96
147.08,diamond,-19.34, 1.29, 43.81
147.1,diamond,-19.44, 1.29, 43.81
147.28,diamond,-20.29, 1.29, 43.65
147.32,diamond,-20.47, 1.29, 43.57
147.4712,location,-21.07, 1.29, 43.89
147.74,diamond,-22.30, 1.32, 44.23
147.76,diamond,-22.40, 1.32, 44.23
147.76,diamond,-22.40, 1.32, 44.23
147.78,diamond,-22.50, 1.32, 44.23
147.86,diamond,-22.80, 1.32, 44.00
148.02,diamond,-23.43, 1.32, 43.52
148.04,diamond,-23.53, 1.32, 43.49
148.3,diamond,-24.67, 1.32, 43.97
148.32,diamond,-24.73, 1.32, 44.05
148.4712,location,-25.35, 1.32, 44.13
148.98,diamond,-24.56, 1.32, 46.36
149,diamond,-24.58, 1.32, 46.46
149.2,diamond,-24.42, 1.32, 47.40
149.2,diamond,-24.42, 1.32, 47.40
149.22,diamond,-24.40, 1.32, 47.50
149.44,diamond,-24.74, 1.32, 48.46
149.4712,location,-24.71, 1.32, 48.56
149.48,diamond,-24.68, 1.32, 48.66
149.68,diamond,-23.90, 1.32, 49.15
149.94,diamond,-24.46, 1.32, 50.17
149.96,diamond,-24.46, 1.32, 50.27
150.12,diamond,-24.44, 1.32, 51.07
150.18,diamond,-24.20, 1.32, 51.26
150.2,diamond,-24.12, 1.32, 51.32
150.28,diamond,-24.07, 1.32, 51.72
150.3,diamond,-24.14, 1.32, 51.79
150.4712,location,-24.63, 1.32, 52.42
151.04,diamond,-23.37, 1.32, 53.69
151.06,diamond,-23.33, 1.32, 53.60
151.4712,location,-23.13, 1.32, 51.63
152.18,diamond,-22.50, 1.32, 49.08
152.4879,location,-22.64, 1.32, 47.93
152.72,diamond,-21.69, 1.29, 48.54
152.74,diamond,-21.59, 1.29, 48.57
152.84,diamond,-21.11, 1.29, 48.71
152.94,diamond,-20.73, 1.29, 48.55
153.5046,location,-20.65, 1.29, 47.11
154.22,diamond,-20.16, 1.29, 49.92
154.24,diamond,-20.23, 1.29, 49.99
154.46,diamond,-20.31, 1.29, 50.99
154.5213,location,-20.17, 1.29, 51.26
154.56,diamond,-20.05, 1.29, 51.42
154.58,diamond,-19.98, 1.29, 51.49
155.06,diamond,-19.09, 1.29, 53.03
155.08,diamond,-19.18, 1.29, 53.08
155.52,diamond,-20.10, 1.29, 52.19
155.5379,location,-20.10, 1.29, 52.19
155.58,diamond,-20.19, 1.29, 51.91
156.5379,location,-21.79, 1.29, 53.55
157.5379,location,-20.54, 1.31, 57.09
158.22,lock unlockedredKey,-23.83, 1.32, 56.64
158.5379,location,-25.21, 1.32, 56.40
159.5546,location,-24.82, 1.32, 56.45
160.5546,location,-29.06, 1.32, 56.02
160.8,hold button enter,-30.36, 1.32, 55.92
160.94,diamond,-31.06, 1.32, 55.92
161.088,jump,-31.76, 1.32, 55.92
161.22,diamond,-32.46, 2.55, 55.94
161.24,hold button leave,-32.56, 2.70, 55.95
161.54,diamond,-34.05, 4.26, 56.07
161.5713,location,-34.15, 4.32, 56.08
161.9,diamond,-35.85, 4.35, 56.20
162.22,diamond,-37.43, 2.80, 56.03
162.5713,location,-37.90, 1.29, 55.27
163.5713,location,-33.66, 1.32, 53.94
164.588,location,-32.11, 1.31, 49.55
165.6046,location,-31.85, 1.31, 47.71
166.6047,location,-34.68, 1.32, 49.61
167.6047,location,-39.23, 1.32, 49.99
168.6047,location,-38.27, 1.29, 51.86
169.6214,location,-33.94, 1.32, 54.36
169.86,hold button enter,-32.92, 1.32, 54.93
170.6214,location,-31.25, 1.32, 56.08
171.638,location,-31.25, 1.32, 56.08
172.1547,jump,-33.72, 1.32, 55.76
172.16,hold button leave,-33.82, 1.51, 55.75
172.6547,location,-36.21, 4.42, 55.96
173.28,gun,-39.39, 4.25, 56.31
173.48,diamond,-39.99, 4.80, 56.37
173.6714,location,-39.99, 5.40, 56.37
173.76,diamond,-39.99, 5.70, 56.37
174.6881,location,-39.99, 5.90, 56.37
175.7047,location,-39.99, 5.90, 56.37
175.7381,shoot,-39.99, 5.90, 56.37
176.7214,location,-39.99, 5.90, 56.37
177.1714,shoot,-39.99, 5.90, 56.37
177.7381,location,-39.99, 5.90, 56.37
178.7381,location,-39.99, 5.90, 56.37
179.0714,shoot,-39.99, 5.90, 56.37
179.7548,location,-39.99, 5.90, 56.37
179.78,pole sphere activated,-39.99, 5.90, 56.37
180.7715,location,-40.66, 5.94, 57.11
181.7881,location,-40.66, 5.94, 57.11
182.5381,shoot,-40.66, 5.94, 57.11
182.7881,location,-40.66, 5.94, 57.11
183.7882,location,-40.66, 5.94, 57.11
184.6548,shoot,-40.66, 5.94, 57.11
184.7882,location,-40.66, 5.94, 57.11
185.32,pole sphere activated,-40.66, 5.94, 57.11
185.8048,location,-40.66, 5.94, 57.11
186.8215,location,-39.92, 5.95, 56.44
187.8215,location,-39.92, 5.95, 56.44
188.8382,location,-40.41, 1.29, 54.41
189.8382,location,-36.07, 1.29, 53.51
190.8382,location,-37.85, 1.29, 57.98
191.8549,location,-42.10, 1.29, 60.17
192.8549,location,-44.96, 1.29, 56.61
193.6549,jump,-46.11, 1.32, 52.78
193.8716,location,-46.53, 3.14, 51.77
194.8716,location,-47.77, 2.29, 49.04
195.3049,jump,-47.95, 2.40, 48.16
195.8716,location,-47.95, 3.42, 48.16
196.5883,jump,-47.95, 2.40, 48.16
196.8883,location,-47.95, 3.42, 48.16
197.905,location,-47.95, 2.40, 48.16
198.9216,location,-47.95, 2.40, 48.16
199.9383,location,-47.95, 2.40, 48.16
200.2216,jump,-47.95, 2.40, 48.16
200.9383,location,-47.95, 3.40, 48.16
201.955,location,-47.95, 2.40, 48.16
202.955,location,-47.95, 2.40, 48.16
203.1883,jump,-47.95, 2.40, 48.16
203.9716,location,-47.95, 3.30, 48.16
204.9883,location,-45.90, 1.32, 50.30
205.9883,location,-42.71, 1.29, 53.57
207.005,location,-43.74, 1.29, 58.35
208.0217,location,-39.60, 1.29, 59.70
208.955,shoot,-38.91, 1.29, 59.56
209.0217,location,-38.91, 1.29, 59.56
210.0217,location,-37.95, 1.29, 58.44
211.0383,location,-34.87, 1.29, 58.91
211.66,hold button enter,-33.29, 1.32, 57.24
212.0384,location,-33.02, 1.32, 55.61
213.0384,location,-32.82, 1.32, 55.58
213.1884,shoot,-32.82, 1.32, 55.58
214.0551,location,-32.82, 1.32, 55.58
214.8551,shoot,-32.82, 1.32, 55.58
215.0551,location,-32.82, 1.32, 55.58
216.0717,location,-32.82, 1.32, 55.58
216.7384,shoot,-32.82, 1.32, 55.58
217.0717,location,-32.82, 1.32, 55.58
218.0718,location,-32.82, 1.32, 55.58
218.7218,shoot,-32.82, 1.32, 55.58
219.0885,location,-32.82, 1.32, 55.58
219.74,hold button leave,-33.72, 1.32, 57.00
220.1051,location,-34.69, 1.29, 58.35
221.1218,location,-38.93, 1.29, 60.38
222.1218,location,-40.12, 1.29, 61.90
223.12,diamond,-39.68, 1.32, 66.13
223.1218,location,-39.68, 1.32, 66.13
223.26,diamond,-39.66, 1.32, 66.82
223.4,diamond,-39.66, 1.32, 67.52
223.54,diamond,-39.67, 1.32, 68.22
223.7,diamond,-39.74, 1.32, 69.02
223.84,diamond,-39.82, 1.32, 69.72
223.98,diamond,-39.90, 1.32, 70.41
224.1218,location,-39.97, 1.32, 71.11
224.14,diamond,-39.97, 1.32, 71.21
224.28,diamond,-39.96, 1.32, 71.91
224.42,diamond,-39.93, 1.32, 72.61
224.56,diamond,-39.90, 1.32, 73.31
224.72,diamond,-39.87, 1.32, 74.11
224.88,diamond,-39.86, 1.32, 74.91
225.02,diamond,-39.88, 1.32, 75.61
225.1385,location,-39.90, 1.32, 76.11
225.16,diamond,-39.90, 1.32, 76.31
225.32,diamond,-39.93, 1.32, 77.11
225.46,diamond,-39.96, 1.32, 77.80
225.62,diamond,-39.92, 1.32, 78.60
225.76,diamond,-39.88, 1.32, 79.30
225.9,diamond,-39.84, 1.32, 80.00
226.06,diamond,-39.86, 1.32, 80.80
226.1385,location,-39.86, 1.32, 81.10
226.2,diamond,-39.87, 1.32, 81.50
226.34,diamond,-39.89, 1.32, 82.20
226.5,diamond,-39.90, 1.32, 83.00
227.1552,location,-39.58, 1.32, 86.06
228.1718,location,-41.08, 1.33, 90.47
229.1719,location,-44.72, 1.33, 93.56
230.1885,location,-46.24, 1.33, 98.28
231.2052,location,-43.20, 1.33, 102.19
232.2219,location,-38.34, 1.33, 103.67
233.2219,location,-35.73, 1.33, 100.35
234.2386,location,-34.40, 1.33, 96.31
235.2552,location,-37.16, 1.33, 92.73
236.2719,location,-41.68, 1.33, 93.17
237.2719,location,-40.84, 1.33, 92.85
238.2886,location,-38.46, 1.33, 95.41
239.3053,location,-37.66, 1.33, 99.40
240.3053,location,-42.15, 1.33, 99.84
241.322,location,-41.55, 1.33, 95.64
241.9,diamond,-40.08, 1.33, 96.92
241.92,diamond,-40.07, 1.33, 97.02
241.94,diamond,-40.07, 1.33, 97.12
241.96,diamond,-40.07, 1.33, 97.22
242,diamond,-40.13, 1.33, 97.40
242.1,diamond,-40.48, 1.33, 97.76
242.1,diamond,-40.48, 1.33, 97.76
242.1,diamond,-40.48, 1.33, 97.76
242.3386,location,-41.24, 1.33, 98.05
242.48,diamond,-40.97, 1.33, 98.61
242.68,diamond,-40.15, 1.33, 98.97
242.7,diamond,-40.05, 1.33, 98.94
242.7053,jump,-40.05, 1.33, 98.94
242.76,diamond,-39.78, 1.89, 98.81
243.3553,location,-39.08, 3.05, 96.87
244.372,location,-38.99, 1.33, 97.57
245.3887,location,-38.99, 1.33, 97.57
246.3887,location,-38.99, 1.33, 97.57
247.3887,location,-38.99, 1.33, 97.57
248.4054,location,-38.99, 1.33, 97.57
249.422,location,-38.99, 1.33, 97.57
250.4387,location,-38.99, 1.33, 97.57
251.4554,location,-38.99, 1.33, 97.57
252.4554,location,-38.99, 1.33, 97.57
253.472,location,-38.99, 1.33, 97.57
254.4721,location,-38.99, 1.33, 97.57
255.4887,location,-39.69, 1.33, 98.07
255.8721,jump,-40.35, 1.33, 97.85
256.5054,location,-40.35, 3.05, 97.85
257.5221,location,-40.35, 1.33, 97.85
258.5387,location,-40.35, 1.33, 97.85
259.5388,location,-40.35, 1.33, 97.85
260.5555,location,-40.35, 1.33, 97.85
261.5721,location,-40.35, 1.33, 97.85
262.5721,location,-40.16, 1.33, 96.87
263.5888,location,-39.94, 1.33, 94.63
264.6055,location,-38.27, 1.33, 93.59
265.06,diamond,-35.97, 1.33, 93.68
265.12,diamond,-35.67, 1.33, 93.72
265.28,diamond,-34.88, 1.33, 93.84
265.5,diamond,-34.37, 1.33, 94.70
265.6055,location,-33.99, 1.33, 95.03
265.74,diamond,-33.47, 1.33, 95.50
265.98,diamond,-33.16, 1.33, 96.57
266.24,diamond,-33.45, 1.33, 97.78
266.52,diamond,-33.70, 1.33, 99.15
266.6222,location,-33.83, 1.33, 99.64
266.74,diamond,-33.98, 1.33, 100.22
266.92,diamond,-34.21, 1.33, 101.09
267.18,diamond,-34.65, 1.33, 102.29
267.36,diamond,-35.36, 1.33, 102.83
267.6,diamond,-36.37, 1.33, 103.48
267.6389,location,-36.45, 1.33, 103.53
267.8,diamond,-37.19, 1.33, 104.05
268.04,diamond,-38.34, 1.33, 104.33
268.2,diamond,-39.13, 1.33, 104.42
268.44,diamond,-40.31, 1.33, 104.62
268.62,diamond,-41.19, 1.33, 104.62
268.6555,location,-41.29, 1.33, 104.63
268.88,diamond,-42.36, 1.33, 104.30
269.04,diamond,-43.02, 1.33, 103.92
269.28,diamond,-44.03, 1.33, 103.36
269.46,diamond,-44.79, 1.33, 102.88
269.6555,location,-45.32, 1.33, 102.23
269.72,diamond,-45.51, 1.33, 101.91
269.92,diamond,-46.02, 1.33, 101.06
270.16,diamond,-46.55, 1.33, 99.98
270.4,diamond,-46.95, 1.33, 98.86
270.66,diamond,-47.19, 1.33, 97.58
270.6722,location,-47.19, 1.33, 97.58
270.86,diamond,-46.91, 1.33, 96.68
271.1,diamond,-46.38, 1.33, 95.63
271.32,diamond,-45.96, 1.33, 94.62
271.54,diamond,-45.30, 1.33, 93.75
271.6722,location,-44.91, 1.33, 93.29
271.74,diamond,-44.65, 1.33, 92.99
271.98,diamond,-43.88, 1.33, 92.07
272.18,diamond,-43.03, 1.33, 91.61
272.42,diamond,-41.88, 1.33, 91.25
272.58,diamond,-41.12, 1.33, 91.01
272.6889,location,-40.64, 1.33, 90.89
272.82,diamond,-39.96, 1.33, 90.87
273.06,diamond,-38.78, 1.33, 91.10
273.28,diamond,-37.73, 1.33, 91.43
273.4,diamond,-37.16, 1.33, 91.61
273.7055,location,-35.81, 1.33, 92.22
274.7222,location,-37.38, 1.33, 91.32
275.7389,location,-41.93, 1.33, 91.42
276.739,location,-45.83, 1.33, 94.23
277.7556,location,-47.76, 1.33, 97.48
278.7556,location,-52.48, 1.35, 97.00
279.7723,location,-57.21, 1.35, 96.95
280.7889,location,-61.13, 1.35, 99.39
281.8056,location,-64.40, 1.35, 97.95
282.8056,location,-66.31, 1.35, 98.35
283.8223,location,-64.80, 1.35, 98.02
284.839,location,-61.51, 1.35, 95.15
285.7057,jump,-61.98, 1.35, 93.00
285.8557,location,-61.72, 2.58, 92.45
286.8723,location,-63.43, 2.63, 94.01
287.439,jump,-63.81, 1.35, 92.68
287.889,location,-61.94, 4.36, 91.44
288.689,jump,-61.70, 8.77, 89.80
288.9057,location,-62.32, 10.44, 88.89
289.9223,location,-64.41, 9.33, 87.04
290.04,diamond,-64.58, 9.33, 86.46
290.28,diamond,-65.39, 9.33, 85.69
290.62,diamond,-65.67, 9.33, 84.03
290.939,location,-66.10, 9.33, 82.71
290.98,diamond,-66.07, 9.33, 82.41
291.28,diamond,-65.88, 9.33, 80.92
291.58,diamond,-65.98, 9.33, 79.46
291.9391,location,-65.86, 9.33, 77.89
291.94,diamond,-65.79, 9.33, 77.81
292.26,diamond,-65.46, 9.33, 76.42
292.66,diamond,-65.86, 9.33, 74.61
292.9557,location,-66.89, 9.33, 73.78
293.9724,location,-65.69, 9.33, 74.37
294.34,diamond,-66.03, 9.33, 72.53
294.7224,jump,-66.40, 9.33, 71.21
294.989,location,-66.86, 11.04, 70.91
295.42,lock no keygreenKey,-66.32, 11.02, 69.80
295.9891,location,-64.08, 9.33, 70.75
297.0057,location,-64.28, 9.33, 73.60
298.0224,location,-64.71, 9.33, 78.48
299.0391,location,-66.08, 9.33, 83.29
300.0391,location,-63.33, 9.33, 86.90
301.0558,location,-61.51, 7.93, 88.64
302.0724,location,-61.33, 3.03, 89.96
302.8391,jump,-60.96, 8.35, 90.30
303.0891,location,-59.84, 10.50, 90.95
303.86,diamond,-57.62, 10.70, 92.05
304.1058,location,-57.41, 10.11, 92.27
304.36,diamond,-57.76, 10.11, 92.46
304.76,diamond,-59.02, 10.09, 93.90
305.1058,location,-59.25, 10.25, 95.58
305.14,diamond,-59.28, 10.25, 95.78
305.42,diamond,-59.44, 10.14, 97.17
305.76,diamond,-59.38, 10.08, 98.87
306.1225,location,-59.10, 10.09, 100.64
306.16,diamond,-59.00, 10.07, 100.81
306.52,diamond,-57.83, 9.98, 102.16
307.1391,location,-57.59, 9.97, 102.34
308.1392,location,-58.81, 9.98, 98.79
309.1558,location,-58.50, 10.02, 93.98
309.3225,jump,-58.62, 10.09, 93.09
310.1559,location,-61.40, 13.04, 90.12
311.1725,location,-62.57, 8.49, 89.18
311.5058,jump,-63.42, 6.25, 88.37
312.1725,location,-63.08, 9.51, 87.12
313.1892,location,-66.74, 9.33, 87.23
314.2059,location,-66.22, 9.52, 88.94
314.6392,jump,-68.28, 9.52, 88.78
315.2225,location,-69.92, 11.18, 87.90
315.86,diamond,-72.15, 9.33, 85.94
315.8892,jump,-72.23, 9.33, 85.88
315.94,diamond,-72.48, 9.89, 85.71
315.98,diamond,-72.65, 10.24, 85.60
315.98,diamond,-72.65, 10.24, 85.60
316.22,diamond,-73.75, 11.04, 85.13
316.2226,location,-73.75, 11.04, 85.13
316.36,diamond,-74.39, 11.04, 85.18
316.58,diamond,-75.42, 11.02, 85.41
316.6,diamond,-75.51, 11.01, 85.39
316.7,diamond,-76.01, 10.84, 85.30
316.88,diamond,-76.87, 10.15, 85.05
316.9,diamond,-76.97, 10.05, 85.02
317.1059,jump,-77.91, 9.33, 84.70
317.2392,location,-78.50, 10.40, 84.61
317.48,diamond,-78.84, 11.04, 85.62
317.74,diamond,-78.11, 11.04, 86.59
318.18,diamond,-77.31, 9.67, 86.39
318.2559,location,-77.05, 9.33, 86.24
318.52,diamond,-75.78, 9.33, 86.11
318.68,diamond,-75.06, 9.33, 85.76
319.2559,location,-74.79, 9.33, 85.41
320.2726,location,-75.70, 9.33, 86.64
321.0226,jump,-76.62, 9.33, 87.69
321.2726,location,-77.20, 11.23, 88.74
322.14,diamond,-78.16, 10.84, 91.98
322.2893,location,-78.16, 10.03, 91.98
322.54,diamond,-77.44, 9.93, 92.81
322.94,diamond,-76.20, 9.93, 94.33
323.28,diamond,-75.78, 10.12, 95.95
323.3059,location,-75.78, 10.11, 96.05
323.58,diamond,-75.94, 10.03, 97.44
323.98,diamond,-75.72, 10.16, 99.28
324.306,location,-76.19, 9.95, 100.77
324.38,diamond,-76.14, 10.00, 101.14
324.84,diamond,-77.70, 9.86, 102.33
325.3226,location,-78.35, 9.94, 102.88
326.3227,location,-76.17, 10.04, 102.25
327.3393,location,-76.57, 9.98, 102.94
328.1227,jump,-76.57, 9.98, 102.94
328.3394,location,-76.57, 11.63, 102.94
329.356,location,-75.86, 10.71, 98.35
329.756,jump,-74.53, 9.73, 97.05
330.3727,location,-72.99, 13.02, 97.41
331.3727,location,-71.16, 6.80, 101.78
332.3894,location,-70.69, 1.35, 101.95
333.406,location,-75.46, 1.35, 101.55
334.14,lock no keyblueKey,-77.66, 1.35, 98.83
334.4227,location,-78.85, 1.35, 98.24
335.4227,location,-78.22, 1.35, 94.64
336.4394,location,-73.89, 1.35, 92.56
337.4,lock no keyyellowKey,-70.44, 1.35, 89.61
337.4561,location,-70.31, 1.35, 89.49
338.4727,location,-67.74, 1.35, 89.82
339.4894,location,-68.12, 1.35, 94.90
340.4894,location,-68.62, 1.35, 99.75
341.5061,location,-69.84, 1.35, 104.17
341.78,lock unlockedredKey,-69.86, 1.35, 105.57
342.5228,location,-69.78, 1.35, 106.97
343.5395,location,-69.62, 1.35, 108.75
344.22,diamond,-66.51, 1.35, 109.96
344.5561,location,-64.97, 1.35, 110.16
345.1,diamond,-62.31, 1.35, 109.84
345.5561,location,-61.07, 1.35, 111.27
345.88,diamond,-61.27, 1.35, 112.93
346.5562,location,-61.05, 1.35, 116.00
346.78,diamond,-60.98, 1.35, 117.19
347.5728,location,-63.46, 1.35, 118.18
347.7,diamond,-64.14, 1.35, 118.34
348.5729,location,-68.12, 1.35, 117.68
348.64,diamond,-68.37, 1.35, 117.42
348.7,diamond,-68.45, 1.35, 117.13
348.9,diamond,-68.58, 1.35, 116.14
348.98,diamond,-68.58, 1.35, 115.74
348.9895,jump,-68.58, 1.35, 115.74
349.14,diamond,-68.60, 1.97, 114.94
349.14,diamond,-68.60, 1.97, 114.94
349.34,diamond,-68.61, 1.97, 113.94
349.34,diamond,-68.61, 1.97, 113.94
349.5895,location,-68.53, 1.88, 112.82
350.6062,location,-70.81, 1.35, 111.61
351.04,diamond,-72.48, 1.35, 110.52
351.6228,location,-75.35, 1.35, 110.25
351.82,diamond,-76.24, 1.35, 109.89
352.1729,jump,-77.08, 1.35, 110.76
352.32,diamond,-76.99, 2.75, 111.56
352.6229,location,-76.92, 4.32, 113.06
352.66,diamond,-76.92, 4.43, 113.26
352.98,diamond,-76.94, 4.43, 114.86
353.36,diamond,-77.06, 2.43, 116.75
353.6395,location,-77.61, 1.35, 117.60
353.9895,jump,-77.40, 1.35, 116.04
354.6562,location,-76.04, 4.61, 115.18
355.6562,location,-76.00, 1.35, 112.36
356.5396,jump,-72.68, 1.35, 110.59
356.6729,location,-72.06, 2.60, 110.38
357.6729,location,-70.34, 5.45, 112.93
357.8229,jump,-70.52, 5.43, 113.63
358.6729,location,-69.84, 8.33, 114.42
359.1563,jump,-69.65, 6.13, 114.40
359.6896,location,-67.76, 9.31, 114.15
360.3,diamond,-66.57, 7.58, 114.17
360.36,diamond,-66.28, 7.10, 114.25
360.42,diamond,-66.00, 6.58, 114.25
360.5,diamond,-65.65, 5.79, 114.05
360.7062,location,-65.45, 5.35, 113.86
360.8562,jump,-65.45, 5.35, 113.86
361.7063,location,-65.45, 8.36, 113.86
362.4896,jump,-67.47, 5.35, 114.72
362.7229,location,-68.39, 7.29, 115.50
363.723,location,-69.21, 6.07, 116.48
363.8563,jump,-69.39, 6.08, 116.72
364.7396,location,-72.66, 9.03, 117.19
364.84,diamond,-72.78, 8.53, 117.47
364.88,diamond,-72.86, 8.32, 117.65
364.96,diamond,-73.02, 7.82, 118.02
365.06,diamond,-73.06, 7.06, 118.11
365.2729,jump,-73.06, 6.50, 118.11
365.7563,location,-73.21, 9.53, 119.70
366.06,diamond,-73.29, 9.62, 120.50
366.06,diamond,-73.29, 9.62, 120.50
366.1,diamond,-73.31, 9.53, 120.70
366.24,diamond,-73.37, 9.00, 121.30
366.523,jump,-73.37, 8.18, 121.30
366.7729,location,-73.37, 10.08, 121.50
367.02,diamond,-73.42, 11.18, 122.79
367.04,diamond,-73.42, 11.22, 122.89
367.06,diamond,-73.43, 11.25, 122.99
367.68,diamond,-72.63, 10.55, 123.50
367.68,diamond,-72.63, 10.55, 123.50
367.76,diamond,-72.23, 10.54, 123.52
367.773,location,-72.23, 10.54, 123.52
367.9897,jump,-71.13, 10.54, 123.57
368.08,diamond,-70.63, 11.45, 123.60
368.08,diamond,-70.63, 11.45, 123.60
368.14,diamond,-70.33, 11.92, 123.62
368.56,diamond,-68.24, 13.73, 123.76
368.7896,location,-67.14, 13.62, 123.84
369.04,diamond,-65.99, 12.55, 123.50
369.06,diamond,-65.89, 12.43, 123.51
369.12,diamond,-65.59, 12.02, 123.57
369.2,diamond,-65.22, 11.39, 123.71
369.8,diamond,-66.26, 10.58, 124.16
369.8,diamond,-66.26, 10.58, 124.16
369.8063,location,-66.26, 10.58, 124.16
369.88,diamond,-66.61, 10.63, 124.01
370.32,diamond,-68.60, 10.60, 123.46
370.673,jump,-69.83, 10.51, 124.12
370.823,location,-69.40, 11.91, 124.79
371.823,location,-69.56, 12.27, 129.29
371.84,green key,-69.49, 12.29, 129.37
372.8397,location,-72.77, 6.34, 128.11
373.48,diamond,-72.87, 1.35, 127.56
373.8563,location,-72.30, 1.35, 129.10
373.98,diamond,-72.44, 1.35, 129.74
374.24,diamond,-71.74, 1.35, 130.20
374.46,diamond,-70.69, 1.35, 129.86
374.8564,location,-68.88, 1.35, 129.89
374.96,diamond,-68.28, 1.35, 129.91
375.32,diamond,-66.49, 1.35, 129.81
375.3897,jump,-66.20, 1.35, 129.75
375.62,diamond,-65.25, 3.29, 129.19
375.8564,location,-65.81, 4.30, 128.48
376.56,diamond,-65.85, 2.53, 126.87
376.873,location,-65.66, 1.35, 125.41
377.8897,location,-69.05, 1.35, 123.46
378.9064,location,-67.47, 1.35, 122.42
379.9231,location,-69.02, 1.35, 117.97
380.9397,location,-70.55, 1.35, 113.64
381.9398,location,-70.77, 1.35, 108.84
382.9565,location,-68.63, 1.35, 104.61
383.9731,location,-68.08, 1.35, 99.75
384.9731,location,-63.89, 1.35, 97.99
385.9898,location,-62.07, 1.35, 93.95
387.0065,location,-57.69, 1.35, 94.71
388.0231,location,-61.73, 1.35, 92.33
389.0398,location,-66.59, 1.35, 91.28
389.54,lock no keyyellowKey,-68.28, 1.35, 89.58
390.0565,location,-69.46, 1.35, 88.26
391.0732,location,-72.95, 1.35, 91.49
392.0898,location,-76.61, 1.35, 95.03
392.46,lock no keyblueKey,-77.99, 1.35, 96.34
393.1065,location,-78.88, 1.35, 97.70
394.1232,location,-74.81, 1.35, 96.55
395.1399,location,-70.21, 1.35, 95.37
396.1566,location,-65.37, 1.35, 94.89
397.1732,location,-62.27, 1.35, 94.56
397.4899,jump,-61.94, 1.35, 92.99
398.1732,location,-61.24, 4.87, 89.83
399.0566,jump,-61.26, 7.51, 88.43
399.1899,location,-61.26, 8.77, 88.37
400.1899,location,-63.65, 9.33, 86.05
401.2066,location,-63.54, 9.33, 81.17
402.2232,location,-64.76, 9.33, 76.61
403.2233,location,-65.28, 9.33, 71.77
403.56,lock unlockedgreenKey,-65.27, 9.33, 70.07
404.2399,location,-65.28, 9.33, 68.77
405.2566,location,-64.84, 9.33, 67.26
405.6,diamond,-63.30, 9.33, 66.63
405.62,diamond,-63.20, 9.33, 66.63
405.82,diamond,-62.20, 9.33, 66.59
405.86,diamond,-62.00, 9.33, 66.59
405.88,diamond,-61.90, 9.33, 66.58
405.9066,jump,-61.80, 9.33, 66.58
406.2566,location,-60.16, 11.04, 66.34
406.36,diamond,-60.21, 11.04, 65.80
406.84,diamond,-60.81, 10.42, 64.38
407.2733,location,-61.00, 9.33, 64.41
407.34,diamond,-61.40, 9.33, 64.49
407.38,diamond,-61.55, 9.33, 64.60
408.2733,location,-64.73, 9.33, 63.13
408.36,diamond,-64.95, 9.33, 62.68
408.49,jump,-65.29, 9.33, 62.19
408.94,diamond,-66.79, 11.04, 62.79
409.29,location,-67.85, 10.88, 62.15
409.56,diamond,-69.16, 9.69, 61.86
410.08,diamond,-71.60, 9.34, 62.01
410.3067,location,-72.69, 9.34, 61.87
410.48,diamond,-73.58, 9.34, 61.78
411.04,diamond,-76.37, 9.34, 61.56
411.3233,location,-77.77, 9.34, 61.52
411.48,diamond,-78.57, 9.34, 61.50
411.84,diamond,-80.37, 9.34, 61.45
412.34,location,-82.73, 9.34, 61.70
412.52,yellow key,-83.61, 9.34, 61.55
413.3567,location,-82.13, 9.34, 61.53
414.3734,location,-77.22, 9.34, 61.71
415.39,location,-72.46, 9.34, 61.69
416.4067,location,-67.80, 9.34, 61.86
417.4234,location,-65.49, 9.33, 65.35
418.4234,location,-63.20, 9.33, 66.42
419.44,location,-64.65, 9.33, 70.22
420.4401,location,-66.47, 9.33, 74.85
421.4568,location,-64.87, 9.33, 78.76
422.4734,location,-65.06, 9.33, 82.81
423.4901,location,-65.96, 9.31, 87.83
424.36,lock unlockedyellowKey,-67.68, 1.35, 88.74
424.5068,location,-68.00, 1.35, 88.28
425.5068,location,-69.40, 1.35, 88.31
426.5235,location,-68.98, 1.33, 85.04
426.58,diamond,-68.97, 1.33, 84.74
427.02,diamond,-68.90, 1.33, 82.54
427.5401,location,-68.55, 1.33, 80.07
427.58,diamond,-68.54, 1.33, 79.87
428.1,diamond,-68.46, 1.33, 77.27
428.5402,location,-68.63, 1.33, 75.08
428.7,diamond,-68.70, 1.33, 74.28
428.7068,jump,-68.70, 1.33, 74.28
429.5568,location,-68.01, 4.31, 70.48
429.66,diamond,-68.00, 3.87, 69.88
430.38,diamond,-69.83, 3.55, 69.13
430.5735,location,-70.73, 3.53, 69.13
430.8,diamond,-71.93, 3.52, 69.17
431.34,diamond,-74.63, 3.54, 69.12
431.5901,location,-75.83, 3.21, 69.06
431.86,diamond,-77.22, 2.66, 69.03
432.24,diamond,-79.12, 1.33, 69.19
432.4402,jump,-80.11, 1.33, 69.21
432.5902,location,-80.69, 2.54, 68.82
433.6068,location,-80.11, 2.72, 68.99
434.6068,location,-79.81, 1.33, 73.30
434.8068,jump,-79.98, 1.33, 74.23
435.3,diamond,-78.77, 4.38, 76.40
435.36,diamond,-78.58, 4.49, 76.63
435.38,diamond,-78.51, 4.52, 76.70
435.4,diamond,-78.44, 4.54, 76.77
435.4,diamond,-78.44, 4.54, 76.77
435.42,diamond,-78.37, 4.55, 76.85
435.46,diamond,-78.23, 4.56, 76.98
435.5,diamond,-78.07, 4.55, 77.11
435.52,diamond,-78.00, 4.53, 77.18
435.54,diamond,-77.92, 4.51, 77.24
435.56,diamond,-77.84, 4.48, 77.30
435.56,diamond,-77.84, 4.48, 77.30
435.56,diamond,-77.84, 4.48, 77.30
435.6235,location,-77.77, 4.36, 77.37
435.64,diamond,-77.77, 4.31, 77.37
435.68,diamond,-77.77, 4.19, 77.37
435.74,diamond,-77.77, 3.96, 77.37
435.76,diamond,-77.77, 3.87, 77.37
435.86,diamond,-77.77, 3.34, 77.37
435.88,diamond,-77.77, 3.22, 77.37
435.9,diamond,-77.77, 3.09, 77.37
435.92,diamond,-77.77, 2.95, 77.37
436,diamond,-77.77, 2.35, 77.37
436,diamond,-77.77, 2.35, 77.37
436.02,diamond,-77.77, 2.18, 77.37
436.04,diamond,-77.77, 2.05, 77.37
436.4235,jump,-77.77, 2.05, 77.37
436.6235,location,-77.77, 3.71, 77.37
436.8,diamond,-77.67, 4.69, 78.06
436.84,diamond,-77.66, 4.85, 78.26
437.6402,location,-78.46, 2.85, 80.19
438.6569,location,-80.53, 1.33, 84.41
438.9,diamond,-81.13, 1.33, 85.54
439.5,diamond,-83.81, 1.33, 85.73
439.6736,location,-83.60, 1.33, 86.34
440.62,diamond,-79.59, 1.33, 86.83
440.6902,location,-79.30, 1.33, 86.83
441.1,diamond,-77.22, 1.33, 86.66
441.6,diamond,-74.86, 1.33, 86.71
441.7069,location,-74.69, 1.33, 86.60
442.7069,location,-74.69, 1.33, 86.60
443.7236,location,-74.69, 1.33, 86.60
444.2736,shoot,-74.69, 1.33, 86.60
444.7236,location,-74.69, 1.33, 86.60
445.7403,location,-74.69, 1.33, 86.60
445.9069,shoot,-74.69, 1.33, 86.60
446.757,location,-74.69, 1.33, 86.60
447.7736,location,-74.69, 1.33, 86.60
447.7736,shoot,-74.69, 1.33, 86.60
448.08,pole sphere activated,-74.69, 1.33, 86.60
448.7903,location,-74.60, 1.33, 86.42
449.7903,location,-76.69, 1.33, 83.29
450.5403,shoot,-77.69, 1.33, 83.39
450.74,pole sphere activated,-77.69, 1.33, 83.39
450.807,location,-77.69, 1.33, 83.39
451.8237,location,-79.60, 1.33, 80.35
452.8403,location,-80.62, 1.33, 75.99
453.857,location,-80.62, 1.33, 75.99
454.207,shoot,-80.62, 1.33, 75.99
454.8737,location,-80.62, 1.33, 75.99
455.8737,location,-80.62, 1.33, 75.99
456.1737,shoot,-80.62, 1.33, 75.99
456.8737,location,-80.62, 1.33, 75.99
457.8904,location,-80.62, 1.33, 75.99
458.1071,shoot,-80.62, 1.33, 75.99
458.907,location,-80.62, 1.33, 75.99
459.9071,location,-81.19, 1.33, 75.59
460.3737,shoot,-81.19, 1.33, 75.59
460.86,pole sphere activated,-81.19, 1.33, 75.59
460.9237,location,-81.19, 1.33, 75.59
461.9404,location,-79.63, 1.33, 73.85
462.9571,location,-79.03, 1.33, 73.48
463.9737,location,-76.65, 1.33, 72.88
464.3738,jump,-76.88, 1.33, 71.77
464.9738,location,-75.62, 4.60, 69.18
465.6237,jump,-72.58, 3.46, 69.00
465.9904,location,-71.47, 6.02, 67.59
467.0071,location,-69.88, 5.33, 64.59
468.0238,location,-74.24, 5.33, 64.55
468.9572,jump,-78.17, 5.33, 64.46
469.0404,location,-78.67, 6.25, 64.45
470.0571,location,-81.95, 7.25, 65.06
470.18,hold button enter,-82.65, 6.19, 65.11
471.0738,location,-83.32, 5.33, 65.26
472.0738,location,-83.32, 5.33, 65.26
473.0742,location,-83.32, 5.33, 65.26
473.274,shoot,-83.32, 5.33, 65.26
474.0905,location,-83.32, 5.33, 65.26
475.1071,location,-83.32, 5.33, 65.26
475.3405,shoot,-83.32, 5.33, 65.26
476.1072,location,-83.32, 5.33, 65.26
477.1238,location,-83.32, 5.33, 65.26
477.5405,shoot,-83.32, 5.33, 65.26
478.1239,location,-83.32, 5.33, 65.26
479.1405,location,-83.32, 5.33, 65.26
479.7739,shoot,-83.32, 5.33, 65.26
480.1572,location,-83.32, 5.33, 65.26
481.1739,location,-83.32, 5.33, 65.26
481.8572,shoot,-83.32, 5.33, 65.26
482.1739,location,-83.32, 5.33, 65.26
483.1906,location,-83.32, 5.33, 65.26
484.0906,shoot,-83.32, 5.33, 65.26
484.2072,location,-83.32, 5.33, 65.26
485.2239,location,-83.32, 5.33, 65.26
486.1739,shoot,-83.32, 5.33, 65.26
486.2406,location,-83.32, 5.33, 65.26
487.2406,location,-83.32, 5.33, 65.26
488.2573,location,-83.32, 5.33, 65.26
488.4739,shoot,-83.32, 5.33, 65.26
489.2739,location,-83.32, 5.33, 65.26
490.274,location,-83.32, 5.33, 65.26
490.7406,shoot,-83.32, 5.33, 65.26
491.2906,location,-83.32, 5.33, 65.26
492.3073,location,-83.32, 5.33, 65.26
493.0406,shoot,-83.32, 5.33, 65.26
493.3073,location,-83.32, 5.33, 65.26
494.3073,location,-83.32, 5.33, 65.26
495.324,location,-83.32, 5.33, 65.26
495.6407,shoot,-83.32, 5.33, 65.26
496.324,location,-83.32, 5.33, 65.26
497.3407,location,-83.32, 5.33, 65.26
498.3073,shoot,-83.32, 5.33, 65.26
498.3573,location,-83.32, 5.33, 65.26
498.98,pole sphere activated,-83.32, 5.33, 65.26
499.3574,location,-83.32, 5.33, 65.26
500.2,hold button leave,-82.06, 5.33, 66.94
500.274,jump,-81.88, 5.33, 67.18
500.374,location,-81.57, 6.25, 67.58
501.3907,location,-78.98, 7.06, 71.55
502.3907,location,-79.52, 1.33, 73.11
502.5074,jump,-79.52, 1.33, 73.11
503.4074,location,-77.77, 4.93, 75.67
503.54,diamond,-77.82, 6.05, 76.34
503.56,diamond,-77.77, 5.89, 76.42
503.62,diamond,-77.60, 6.37, 76.67
503.62,diamond,-77.60, 6.37, 76.67
503.66,diamond,-77.48, 6.69, 76.83
503.66,diamond,-77.48, 6.69, 76.83
503.74,diamond,-77.48, 7.33, 76.83
503.74,diamond,-77.48, 7.33, 76.83
503.74,diamond,-77.48, 7.33, 76.83
503.78,diamond,-77.48, 7.65, 76.83
503.8,diamond,-77.48, 7.81, 76.83
504.02,blue key,-77.30, 9.57, 77.07
504.04,diamond,-77.24, 9.73, 77.15
504.36,diamond,-76.99, 7.97, 77.46
504.4241,location,-76.99, 7.49, 77.46
505.4407,location,-76.99, 4.61, 77.46
506.4574,location,-76.99, 7.65, 77.46
507.4741,location,-76.99, 4.45, 77.46
508.4741,location,-76.99, 7.81, 77.46
509.4908,location,-76.41, 4.29, 77.86
509.8074,jump,-75.19, 6.79, 78.61
510.5074,location,-72.71, 10.01, 80.92
511.5241,location,-74.96, 2.64, 78.65
512.5408,location,-77.95, 1.33, 76.42
512.8741,jump,-79.42, 1.33, 75.94
513.5408,location,-80.55, 4.45, 74.04
514.5575,jump,-76.63, 1.33, 72.84
514.5575,location,-76.63, 1.33, 72.84
515.5742,location,-73.14, 3.72, 69.67
515.6575,jump,-72.75, 3.51, 69.58
516.5908,location,-72.16, 6.28, 65.61
517.6075,location,-76.75, 5.33, 65.46
518.6242,location,-81.36, 5.33, 66.67
518.8,hold button enter,-81.93, 5.33, 66.42
519.6409,location,-82.67, 5.33, 66.61
519.84,hold button leave,-81.67, 5.33, 66.51
520.2742,jump,-80.54, 4.91, 67.97
520.6575,location,-79.62, 7.61, 66.63
521.6742,location,-79.44, 4.18, 70.38
522.6909,location,-76.27, 1.33, 74.31
523.7076,location,-73.51, 1.33, 78.60
524.7242,location,-71.62, 1.33, 83.08
525.7409,location,-69.54, 1.33, 87.38
526.4243,jump,-70.82, 1.35, 90.32
526.7576,location,-72.15, 3.72, 90.69
527.7743,location,-72.25, 1.35, 94.77
528.7909,location,-75.85, 1.35, 96.46
529.14,lock unlockedblueKey,-77.51, 1.35, 96.86
529.791,location,-78.65, 1.35, 97.34
530.8076,location,-80.05, 1.40, 97.41
531.8243,location,-85.15, 1.42, 97.50
532.8409,location,-90.25, 1.36, 97.59
533.3,game end,-92.55, 1.24, 97.63
599.7249,ankieta PO_średnia_średni_wystarczająca ilość_wysoki_wysoki_nie_nie,-92.55, 1.24, 97.63
599.7249,,-92.55, 1.24, 97.63
