czas,bzdura,x,y,z
48.60387,ankieta PRZED_średni_średnia ilość informacji,0.00, 2.95, 0.00
51.87058,True,0.00, 2.95, 0.00
51.87058,location,0.00, 2.95, 0.00
52.87059,location,0.00, 2.17, 0.00
53.87061,location,-0.76, 2.33, 0.21
54.87064,location,-0.17, 2.17, 0.75
55.82,diamond,-0.07, 2.17, 4.03
55.88726,location,-0.14, 2.17, 4.33
56.42,diamond,-0.13, 2.17, 6.86
56.88729,location,-0.31, 2.23, 9.16
57.08,diamond,-0.24, 2.18, 10.10
57.78,diamond,0.10, 2.17, 13.48
57.88731,location,0.10, 2.17, 13.98
58.48,diamond,0.06, 1.72, 16.98
58.90398,location,0.06, 0.96, 19.08
58.97065,jump,0.06, 0.77, 19.38
59.14,diamond,0.06, 2.31, 20.28
59.38,diamond,0.03, 3.61, 21.48
59.904,location,-0.02, 3.45, 22.68
60.52,diamond,-0.36, -1.63, 24.35
60.90402,location,-0.66, -2.68, 23.13
61.58,diamond,-2.99, -2.68, 23.99
61.92068,location,-4.32, -2.68, 23.18
62.56,diamond,-7.20, -2.68, 23.56
62.9207,location,-8.18, -2.68, 22.64
63.26,diamond,-7.42, -2.68, 21.13
63.9207,location,-7.92, -2.68, 18.14
64.06,diamond,-7.74, -2.68, 17.46
64.86,diamond,-7.81, -2.68, 13.75
64.92071,location,-7.71, -2.68, 13.47
65.9374,location,-3.60, -2.68, 12.10
66.95406,location,-3.46, -2.76, 11.32
67.52074,jump,-5.17, -2.68, 13.26
67.95409,location,-5.10, 0.09, 15.31
68.97076,location,-3.02, -2.68, 19.48
69.97081,location,-0.99, -2.68, 22.37
70.98743,location,0.53, -2.68, 22.82
71.58,diamond,3.28, -2.68, 23.35
71.98747,location,4.81, -2.68, 24.45
72.4,diamond,6.63, -2.68, 23.63
73.00412,location,7.56, -2.68, 21.78
73.14,diamond,7.36, -2.68, 21.11
73.98,diamond,7.94, -2.68, 17.48
74.00414,location,7.92, -2.68, 17.38
74.8,diamond,7.96, -2.68, 13.74
75.00415,location,7.76, -2.68, 12.81
76.00416,location,3.89, -2.68, 15.03
77.00417,location,3.71, -2.76, 15.36
78.0042,location,5.28, -2.68, 15.57
79.00422,location,3.48, -2.68, 19.59
80.02087,location,0.35, -2.68, 22.36
81.0209,location,-3.40, -2.68, 20.27
82.03756,location,-4.42, -2.68, 17.81
83.03759,location,-2.38, -2.68, 14.95
83.18,diamond,-1.58, -2.68, 14.89
83.2,diamond,-1.48, -2.68, 14.89
83.36,diamond,-0.71, -2.68, 14.85
83.54,diamond,-0.43, -2.68, 14.08
83.54,diamond,-0.43, -2.68, 14.08
83.82,diamond,-0.81, -2.68, 12.83
83.92,diamond,-0.73, -2.68, 12.34
83.93999,diamond,-0.67, -2.68, 12.27
84.05425,location,-0.37, -2.68, 11.89
84.12,diamond,-0.35, -2.68, 11.49
84.14,diamond,-0.34, -2.68, 11.39
84.16,diamond,-0.34, -2.68, 11.30
84.93999,diamond,-0.28, -2.68, 13.07
84.96,diamond,-0.19, -2.68, 13.10
85.05428,location,0.20, -2.68, 13.19
85.22,diamond,0.68, -2.68, 13.92
85.24,diamond,0.70, -2.68, 14.02
85.5,diamond,0.68, -2.68, 15.31
85.62,diamond,0.64, -2.68, 15.91
85.62,diamond,0.64, -2.68, 15.91
85.75999,diamond,0.52, -2.68, 16.57
85.78,diamond,0.47, -2.68, 16.66
86.07094,location,-0.57, -2.68, 16.57
87.07098,location,-3.65, -2.68, 16.30
88.08762,location,-3.69, -2.68, 21.11
88.18761,jump,-3.46, -2.68, 21.55
89.08764,location,-1.15, 0.11, 25.36
89.771,jump,-1.42, -2.68, 22.58
90.08765,location,-0.62, -0.28, 21.31
91.10432,location,0.80, 0.48, 20.26
91.871,jump,0.18, -2.68, 23.72
92.10438,location,0.32, -0.74, 24.91
93.12103,location,-0.38, -2.06, 25.43
93.42101,jump,-0.42, -2.68, 25.43
94.13769,location,0.83, 0.47, 25.43
95.13772,location,-0.77, -2.68, 23.26
96.13779,location,-4.38, -2.68, 20.29
96.7044,jump,-4.51, -2.68, 17.60
97.15439,location,-5.34, 0.18, 16.04
98.1544,location,-3.29, -0.66, 13.38
98.53771,jump,-2.65, -0.18, 11.71
99.1544,location,-1.86, 3.14, 8.91
100.1711,location,-2.85, 1.32, 9.86
100.3211,jump,-2.58, 1.32, 9.52
101.1712,location,-0.15, 4.23, 11.88
102.1878,location,0.65, 2.32, 16.42
102.7211,jump,0.86, 1.44, 19.11
103.2045,location,0.83, 4.39, 21.51
103.66,diamond,0.59, 3.97, 23.79
104.12,diamond,0.01, 1.32, 26.02
104.2211,location,-0.12, 1.32, 26.50
104.62,diamond,-0.43, 1.32, 28.44
105.2211,location,-0.14, 1.32, 31.07
105.28,diamond,-0.21, 1.32, 31.35
106.04,diamond,-0.27, 1.32, 34.74
106.2212,location,-1.09, 1.32, 34.35
106.64,diamond,-2.83, 1.32, 33.86
106.78,diamond,-3.03, 1.32, 33.23
106.78,diamond,-3.03, 1.32, 33.23
106.86,diamond,-3.09, 1.32, 32.84
106.94,diamond,-3.15, 1.32, 32.44
107.2378,location,-3.57, 1.32, 31.99
107.3711,jump,-3.54, 1.32, 32.69
108.2379,location,-5.85, 4.27, 32.12
108.26,diamond,-6.02, 4.14, 32.23
108.3,diamond,-6.20, 3.98, 32.27
108.4,diamond,-6.69, 3.91, 32.18
108.46,diamond,-6.98, 4.06, 32.10
108.5,diamond,-7.16, 4.16, 32.02
108.56,diamond,-7.27, 4.22, 31.77
108.7,diamond,-7.16, 4.20, 31.09
108.74,diamond,-7.10, 4.17, 30.90
108.9878,jump,-6.85, 4.08, 30.12
109.04,diamond,-7.15, 4.64, 30.15
109.06,diamond,-7.23, 4.82, 30.20
109.08,diamond,-7.25, 4.99, 30.29
109.1,diamond,-7.27, 5.15, 30.39
109.14,diamond,-7.31, 5.46, 30.59
109.18,diamond,-7.35, 5.75, 30.78
109.2379,location,-7.52, 6.01, 30.90
109.24,diamond,-7.60, 6.13, 30.95
109.32,diamond,-7.93, 6.56, 31.18
109.34,diamond,-8.01, 6.65, 31.23
110.06,diamond,-7.97, 5.64, 31.55
110.2545,location,-7.14, 4.26, 31.21
111.2546,location,-7.20, 3.40, 34.92
112.1,normal button enter,-8.08, 1.32, 38.52
112.26,diamond,-8.08, 1.32, 39.25
112.2712,location,-8.08, 1.32, 39.25
112.5045,jump,-7.90, 1.32, 39.87
112.58,diamond,-7.90, 2.05, 39.87
112.72,diamond,-7.90, 3.11, 39.87
113.2712,location,-7.43, 4.43, 40.89
114.2712,location,-3.28, 1.32, 39.16
114.76,diamond,-1.00, 1.32, 39.24
115.2879,location,-1.20, 1.32, 41.14
115.46,diamond,-0.86, 1.32, 41.96
116.2879,location,1.63, 1.32, 41.22
117.2879,location,5.11, 1.30, 37.93
117.6879,jump,6.06, 1.32, 36.18
118.3046,location,7.26, 4.54, 33.32
118.42,diamond,7.60, 4.50, 32.83
118.46,diamond,7.73, 4.44, 32.68
118.7,diamond,7.93, 3.56, 32.46
118.88,normal button enter,7.93, 2.34, 32.46
119.3046,location,7.89, 1.32, 32.55
120.3213,location,3.86, 1.30, 35.32
121.3213,location,0.74, 1.32, 38.86
122.338,location,-0.01, 1.32, 42.08
123.3546,location,-0.05, 1.32, 46.73
124.3547,location,0.61, 1.32, 50.24
124.54,diamond,0.53, 1.32, 51.21
125.0714,jump,-0.68, 1.32, 53.31
125.3547,location,-1.26, 3.50, 54.26
126.3547,location,-2.12, 1.70, 54.52
126.44,diamond,-1.68, 1.32, 54.28
127.2,diamond,-2.99, 1.32, 55.45
127.3547,location,-3.69, 1.32, 55.49
127.76,diamond,-5.63, 1.32, 55.90
128.3547,location,-8.33, 1.32, 56.44
128.38,diamond,-8.53, 1.32, 56.45
129.18,diamond,-12.24, 1.32, 55.94
129.3714,location,-13.03, 1.32, 56.38
130.2,diamond,-14.92, 1.32, 54.16
130.22,diamond,-14.93, 1.32, 54.07
130.3714,location,-15.01, 1.32, 53.37
130.42,diamond,-15.04, 1.32, 53.07
130.5,diamond,-15.09, 1.32, 52.67
130.52,diamond,-15.10, 1.32, 52.57
131.02,diamond,-15.69, 1.32, 50.28
131.04,diamond,-15.77, 1.32, 50.23
131.22,diamond,-16.02, 1.32, 49.39
131.3,diamond,-16.01, 1.32, 49.01
131.32,diamond,-15.95, 1.32, 48.94
131.3881,location,-15.76, 1.32, 48.71
131.64,diamond,-15.24, 1.32, 47.62
131.66,diamond,-15.26, 1.32, 47.52
132.02,diamond,-15.84, 1.32, 45.89
132.04,diamond,-15.79, 1.32, 45.80
132.04,diamond,-15.79, 1.32, 45.80
132.12,diamond,-15.60, 1.32, 45.44
132.14,diamond,-15.55, 1.32, 45.36
132.3,diamond,-15.25, 1.32, 44.62
132.32,diamond,-15.24, 1.32, 44.52
132.3881,location,-15.29, 1.32, 44.22
132.5,diamond,-15.53, 1.32, 43.68
132.52,diamond,-15.59, 1.32, 43.59
133.18,diamond,-18.16, 1.29, 44.06
133.2,diamond,-18.26, 1.29, 44.06
133.3881,location,-19.13, 1.29, 43.86
133.4,diamond,-19.23, 1.29, 43.84
133.42,diamond,-19.33, 1.29, 43.81
133.44,diamond,-19.43, 1.29, 43.80
133.62,diamond,-20.32, 1.29, 43.70
133.64,diamond,-20.42, 1.29, 43.70
134.22,diamond,-22.30, 1.32, 44.24
134.24,diamond,-22.37, 1.32, 44.17
134.24,diamond,-22.37, 1.32, 44.17
134.4048,location,-22.94, 1.32, 43.61
134.42,diamond,-23.01, 1.32, 43.54
134.56,diamond,-23.56, 1.32, 43.12
134.58,diamond,-23.66, 1.32, 43.08
134.86,diamond,-24.54, 1.32, 43.96
134.88,diamond,-24.56, 1.32, 44.06
135.1,diamond,-24.17, 1.32, 45.01
135.4048,location,-24.64, 1.32, 46.07
135.48,diamond,-24.80, 1.32, 46.43
135.52,diamond,-24.87, 1.32, 46.62
135.66,diamond,-24.75, 1.32, 47.29
135.68,diamond,-24.71, 1.32, 47.38
135.72,diamond,-24.62, 1.32, 47.55
135.9,diamond,-24.53, 1.32, 48.38
135.92,diamond,-24.56, 1.32, 48.47
136.3,diamond,-24.61, 1.32, 50.19
136.3,diamond,-24.61, 1.32, 50.19
136.4215,location,-24.04, 1.32, 50.31
136.46,diamond,-23.92, 1.32, 50.47
136.48,diamond,-23.86, 1.32, 50.55
136.56,diamond,-23.91, 1.32, 50.88
136.88,diamond,-25.13, 1.32, 51.78
136.9,diamond,-25.14, 1.32, 51.88
137.22,diamond,-24.15, 1.32, 52.92
137.24,diamond,-24.07, 1.32, 52.98
137.4381,location,-23.25, 1.32, 52.82
137.66,diamond,-22.19, 1.32, 52.27
137.68,diamond,-22.09, 1.32, 52.23
137.9,diamond,-21.19, 1.29, 52.64
137.92,diamond,-21.09, 1.29, 52.66
137.92,diamond,-21.09, 1.29, 52.66
138.14,diamond,-20.00, 1.29, 52.73
138.18,diamond,-19.83, 1.29, 52.83
138.4382,location,-18.80, 1.29, 52.67
138.68,diamond,-17.56, 1.32, 52.62
138.7,diamond,-17.46, 1.32, 52.63
138.76,diamond,-17.19, 1.32, 52.72
139.14,diamond,-16.22, 1.32, 52.50
139.4548,location,-16.95, 1.32, 51.18
139.94,diamond,-19.20, 1.29, 51.21
139.96,diamond,-19.29, 1.29, 51.17
140.44,diamond,-20.99, 1.29, 50.11
140.4548,location,-20.99, 1.29, 50.11
140.46,diamond,-20.96, 1.29, 50.02
140.68,diamond,-21.14, 1.29, 49.01
140.88,diamond,-21.98, 1.32, 48.55
140.9,diamond,-22.08, 1.32, 48.53
141.46,diamond,-21.81, 1.29, 47.74
141.4715,location,-21.81, 1.29, 47.74
141.48,diamond,-21.71, 1.29, 47.71
141.74,diamond,-20.42, 1.29, 47.56
141.76,diamond,-20.32, 1.29, 47.55
142.02,diamond,-19.25, 1.29, 47.98
142.04,diamond,-19.24, 1.29, 48.08
142.4882,location,-18.37, 1.29, 48.49
142.5,diamond,-18.32, 1.29, 48.41
142.52,diamond,-18.27, 1.29, 48.33
143.5049,location,-16.47, 1.32, 47.61
144.26,diamond,-19.21, 1.29, 45.72
144.28,diamond,-19.31, 1.29, 45.69
144.5049,location,-20.38, 1.29, 45.51
145.5049,location,-21.99, 1.32, 49.05
146.5216,location,-20.95, 1.29, 52.64
147.5216,location,-19.28, 1.29, 49.70
148.5382,location,-20.94, 1.29, 46.77
149.5383,location,-20.63, 1.29, 49.22
150.5383,location,-20.69, 1.29, 45.68
151.5383,location,-20.82, 1.29, 43.75
152.5383,location,-21.76, 1.29, 42.94
153.5549,location,-19.71, 1.29, 44.54
154.555,location,-19.29, 1.29, 46.80
155.5716,location,-17.73, 1.32, 50.19
156.5717,location,-15.29, 1.32, 54.21
157.5883,location,-10.93, 1.32, 56.15
158.5883,location,-6.36, 1.32, 56.78
159.605,location,-1.26, 1.32, 56.89
160.6051,location,3.70, 1.32, 56.58
161.6217,location,8.48, 1.32, 56.89
162.6384,location,12.73, 1.32, 54.67
163.6551,location,15.15, 1.32, 50.54
164.6551,location,15.69, 1.32, 45.76
164.7,red key,15.76, 1.32, 45.47
165.6718,location,16.10, 1.32, 46.90
166.6884,location,13.93, 1.32, 51.13
167.6884,location,10.77, 1.32, 53.81
168.6884,location,6.52, 1.32, 53.20
169.6884,location,6.43, 1.30, 48.53
170.6885,location,7.53, 1.30, 47.29
171.6885,location,3.34, 1.32, 49.62
172.7052,location,-0.90, 1.32, 52.46
173.7052,location,-5.12, 1.32, 55.03
174.7052,location,-9.97, 1.32, 55.19
175.7218,location,-14.67, 1.32, 55.28
176.7219,location,-19.28, 1.31, 56.25
177.64,lock unlockedredKey,-23.83, 1.32, 56.11
177.7385,location,-24.23, 1.32, 56.07
178.7386,location,-25.40, 1.32, 56.26
179.7552,location,-28.35, 1.32, 55.96
180.16,hold button enter,-30.35, 1.32, 55.98
180.3,diamond,-31.04, 1.32, 55.89
180.5885,jump,-32.43, 1.32, 55.71
180.66,diamond,-32.83, 2.06, 55.65
180.7,hold button leave,-33.03, 2.39, 55.63
180.7552,location,-33.23, 2.70, 55.60
180.92,diamond,-34.02, 3.80, 55.85
181.34,diamond,-35.88, 4.47, 56.39
181.7553,location,-37.54, 2.65, 55.51
182.1219,jump,-37.64, 1.29, 54.52
182.44,diamond,-37.90, 3.64, 55.27
182.7719,location,-38.48, 4.46, 55.86
183.7719,location,-36.18, 1.29, 52.77
184.7886,location,-35.11, 1.29, 52.54
185.52,hold button enter,-33.02, 1.32, 54.91
185.7886,location,-32.99, 1.32, 56.13
186.16,hold button leave,-33.09, 1.32, 57.83
186.7886,location,-32.70, 1.32, 60.38
187.76,hold button enter,-31.66, 1.32, 57.88
187.7886,location,-31.68, 1.32, 57.78
188.5053,jump,-33.11, 1.32, 56.61
188.58,hold button leave,-33.51, 2.05, 56.61
188.8053,location,-34.60, 3.58, 56.47
189.8053,location,-37.42, 1.38, 53.96
190.822,location,-41.58, 1.29, 51.04
191.822,location,-46.08, 1.31, 48.87
191.8887,jump,-46.36, 1.31, 48.74
192.822,location,-47.30, 3.95, 48.58
193.8387,location,-47.77, 1.31, 50.01
194.8554,location,-48.51, 1.32, 52.23
195.872,location,-47.99, 1.32, 55.87
196.8721,location,-48.54, 1.32, 60.72
197.8887,location,-46.20, 1.31, 63.63
198.9054,location,-41.90, 1.29, 61.44
199.9054,location,-44.87, 1.29, 57.63
200.9054,location,-47.33, 1.32, 53.65
201.6888,jump,-47.87, 1.31, 50.04
201.9054,location,-47.79, 3.12, 48.94
202.9055,location,-48.00, 2.35, 47.80
203.9221,location,-48.49, 2.20, 47.88
204.9221,location,-47.71, 2.39, 48.18
205.9388,location,-42.84, 1.32, 48.75
206.1721,jump,-41.75, 1.32, 49.25
206.9555,location,-38.61, 4.48, 51.48
207.9555,location,-34.52, 1.29, 52.57
208.52,hold button enter,-32.70, 1.32, 54.76
208.9722,location,-32.23, 1.32, 56.57
209.9722,location,-31.53, 1.32, 56.42
210.9888,location,-33.72, 1.32, 56.34
211.02,hold button leave,-33.92, 1.32, 56.34
211.0389,jump,-33.92, 1.32, 56.34
211.9889,location,-38.72, 4.00, 56.55
212.1,gun,-39.32, 4.10, 56.58
212.34,diamond,-40.22, 4.75, 56.57
212.64,diamond,-39.98, 5.70, 56.25
213.0055,location,-40.16, 5.95, 55.90
213.2722,shoot,-40.16, 5.95, 55.90
214.0056,location,-40.16, 5.95, 55.90
215.0056,location,-40.16, 5.95, 55.90
216.0222,location,-40.16, 5.95, 55.90
216.2889,shoot,-40.16, 5.95, 55.90
217.0222,location,-40.16, 5.95, 55.90
218.0223,location,-40.16, 5.95, 55.90
218.7556,shoot,-40.16, 5.95, 55.90
219.0389,location,-40.16, 5.95, 55.90
220.0556,location,-40.16, 5.95, 55.90
220.7223,shoot,-40.16, 5.95, 55.90
221.0723,location,-40.16, 5.95, 55.90
222.0889,location,-40.16, 5.95, 55.90
222.739,shoot,-40.16, 5.95, 55.90
223.089,location,-40.16, 5.95, 55.90
224.1057,location,-40.16, 5.95, 55.90
225.1223,location,-40.16, 5.95, 55.90
225.9557,shoot,-40.16, 5.95, 55.90
226.139,location,-40.16, 5.95, 55.90
227.139,location,-40.16, 5.95, 55.90
228.1223,shoot,-40.16, 5.95, 55.90
228.1557,location,-40.16, 5.95, 55.90
228.56,pole sphere activated,-40.16, 5.95, 55.90
229.1557,location,-40.16, 5.95, 55.90
230.1724,location,-40.16, 5.95, 55.90
230.489,shoot,-40.16, 5.95, 55.90
231.189,location,-40.16, 5.95, 55.90
232.1891,location,-40.16, 5.95, 55.90
232.4724,shoot,-40.16, 5.95, 55.90
232.92,pole sphere activated,-40.16, 5.95, 55.90
233.2057,location,-40.16, 5.95, 55.90
234.2057,location,-38.89, 5.67, 55.35
235.2058,location,-34.08, 1.31, 56.30
235.3,hold button enter,-33.62, 1.32, 56.22
236.2224,location,-31.88, 1.32, 56.42
237.2391,location,-33.09, 1.32, 56.35
237.38,hold button leave,-33.79, 1.32, 56.75
238.2558,location,-35.65, 1.29, 60.06
239.2724,location,-38.70, 1.32, 63.40
239.86,diamond,-39.34, 1.32, 66.21
240,diamond,-39.29, 1.32, 66.91
240.14,diamond,-39.35, 1.32, 67.57
240.2725,location,-39.67, 1.32, 68.04
240.3,diamond,-39.70, 1.32, 68.23
240.46,diamond,-39.80, 1.32, 69.03
240.6,diamond,-39.89, 1.32, 69.72
240.74,diamond,-39.98, 1.32, 70.42
240.9,diamond,-40.06, 1.32, 71.21
241.04,diamond,-40.10, 1.32, 71.91
241.2,diamond,-40.12, 1.32, 72.71
241.2891,location,-40.12, 1.32, 73.11
241.34,diamond,-40.12, 1.32, 73.41
241.48,diamond,-40.12, 1.32, 74.11
241.64,diamond,-40.15, 1.32, 74.91
241.8,diamond,-40.17, 1.32, 75.71
241.94,diamond,-40.18, 1.32, 76.41
242.08,diamond,-40.12, 1.32, 77.08
242.24,diamond,-39.98, 1.32, 77.82
242.2891,location,-39.99, 1.32, 78.02
242.4,diamond,-40.06, 1.32, 78.62
242.54,diamond,-40.14, 1.32, 79.31
242.7,diamond,-40.23, 1.32, 80.11
242.86,diamond,-40.34, 1.32, 80.90
243.02,diamond,-40.46, 1.32, 81.69
243.18,diamond,-40.57, 1.32, 82.48
243.2892,location,-40.57, 1.32, 82.98
243.34,diamond,-40.55, 1.32, 83.28
244.3058,location,-40.54, 1.32, 88.05
245.3059,location,-40.47, 1.33, 93.04
246.1,diamond,-40.36, 1.33, 97.00
246.1,diamond,-40.36, 1.33, 97.00
246.12,diamond,-40.36, 1.33, 97.10
246.12,diamond,-40.36, 1.33, 97.10
246.2058,jump,-40.33, 1.33, 97.50
246.26,diamond,-40.30, 1.89, 97.80
246.26,diamond,-40.30, 1.89, 97.80
246.26,diamond,-40.30, 1.89, 97.80
246.26,diamond,-40.30, 1.89, 97.80
246.32,diamond,-40.26, 2.40, 98.09
246.3225,location,-40.26, 2.40, 98.09
246.42,diamond,-40.04, 3.05, 98.54
247.02,diamond,-38.85, 2.85, 97.63
247.24,diamond,-38.72, 1.93, 97.74
247.3225,location,-38.70, 1.41, 97.76
248.3392,location,-39.47, 1.33, 96.97
249.3392,location,-40.61, 1.33, 97.26
250.3392,location,-40.65, 1.33, 97.61
251.3392,location,-40.67, 1.33, 97.91
252.3392,location,-40.67, 1.33, 97.91
253.3393,location,-40.67, 1.33, 97.91
254.3559,location,-40.67, 1.33, 97.91
255.3727,location,-40.67, 1.33, 97.91
256.3893,location,-41.29, 1.33, 97.85
257.3893,location,-40.82, 1.33, 97.01
258.406,location,-39.30, 1.33, 97.27
259.4226,location,-39.88, 1.33, 97.71
260.4393,location,-39.88, 1.33, 97.71
261.4394,location,-39.88, 1.33, 97.71
262.456,location,-39.88, 1.33, 97.71
263.456,location,-39.88, 1.33, 97.71
264.4561,location,-39.88, 1.33, 97.71
265.4727,location,-39.58, 1.33, 95.97
266.38,diamond,-39.97, 1.33, 91.77
266.4727,location,-39.90, 1.33, 91.38
266.48,diamond,-39.86, 1.33, 91.28
266.74,diamond,-38.75, 1.33, 91.44
267.04,diamond,-37.51, 1.33, 92.09
267.1,diamond,-37.21, 1.33, 92.10
267.32,diamond,-36.12, 1.33, 92.17
267.4894,location,-35.58, 1.33, 92.65
267.52,diamond,-35.52, 1.33, 92.84
267.76,diamond,-34.75, 1.33, 93.65
267.98,diamond,-33.99, 1.33, 94.40
268.22,diamond,-33.56, 1.33, 95.51
268.46,diamond,-33.60, 1.33, 96.63
268.4894,location,-33.58, 1.33, 96.73
268.7,diamond,-33.64, 1.33, 97.82
268.98,diamond,-33.84, 1.33, 99.20
269.2,diamond,-34.02, 1.33, 100.29
269.38,diamond,-34.29, 1.33, 101.12
269.5061,location,-34.82, 1.33, 101.39
269.64,diamond,-35.43, 1.33, 101.74
269.92,diamond,-36.64, 1.33, 102.41
270.06,diamond,-36.62, 1.33, 103.11
270.4,diamond,-37.24, 1.33, 103.78
270.5227,location,-37.79, 1.33, 103.53
270.7,diamond,-38.63, 1.33, 103.76
270.86,diamond,-39.37, 1.33, 104.05
271.08,diamond,-40.27, 1.33, 104.59
271.28,diamond,-41.17, 1.33, 104.63
271.5228,location,-42.22, 1.33, 104.12
271.54,diamond,-42.30, 1.33, 104.06
271.7,diamond,-42.94, 1.33, 103.58
271.92,diamond,-43.92, 1.33, 103.12
272.1,diamond,-44.78, 1.33, 102.91
272.38,diamond,-45.52, 1.33, 101.92
272.5394,location,-45.86, 1.33, 101.33
272.58,diamond,-46.01, 1.33, 101.07
272.82,diamond,-46.59, 1.33, 100.03
273.04,diamond,-46.69, 1.33, 98.93
273.3,diamond,-46.44, 1.33, 97.75
273.5,diamond,-46.30, 1.33, 96.84
273.5395,location,-46.24, 1.33, 96.76
273.74,diamond,-45.92, 1.33, 95.80
273.98,diamond,-45.54, 1.33, 94.76
274.2,diamond,-44.91, 1.33, 93.96
274.44,diamond,-44.15, 1.33, 93.15
274.5562,location,-43.94, 1.33, 92.69
274.62,diamond,-43.77, 1.33, 92.33
274.88,diamond,-42.67, 1.33, 91.95
275.1,diamond,-41.64, 1.33, 91.56
275.5728,location,-39.55, 1.33, 91.48
276.5895,location,-40.65, 1.33, 92.45
277.6061,location,-44.38, 1.33, 94.90
278.6062,location,-48.17, 1.33, 97.19
279.6228,location,-53.14, 1.35, 96.91
280.6395,location,-57.28, 1.35, 95.95
281.6562,location,-61.44, 1.35, 97.10
282.6562,location,-65.37, 1.35, 99.38
283.6729,location,-68.80, 1.35, 102.59
284.26,lock unlockedredKey,-69.45, 1.35, 105.49
284.6895,location,-69.48, 1.35, 106.88
285.7062,location,-69.24, 1.35, 106.46
286.7229,location,-69.65, 1.35, 105.87
287.7396,location,-72.40, 1.35, 102.10
288.7562,location,-76.44, 1.35, 99.42
289.04,lock no keyblueKey,-77.42, 1.35, 98.47
289.7563,location,-78.70, 1.35, 96.01
290.1,lock no keyblueKey,-78.41, 1.35, 96.13
290.7729,location,-78.88, 1.35, 96.39
291.773,location,-78.70, 1.35, 96.60
292.7896,location,-74.35, 1.35, 94.98
293.8063,location,-70.27, 1.35, 95.53
294.8063,location,-65.57, 1.35, 96.49
295.6896,jump,-62.52, 1.35, 94.59
295.823,location,-62.54, 2.59, 93.89
296.823,location,-60.88, 2.92, 92.69
297.4397,jump,-61.89, 1.35, 93.39
297.8397,location,-60.42, 4.15, 92.05
298.8397,location,-61.32, 8.91, 89.24
299.8397,location,-61.32, 2.33, 89.24
300.7897,jump,-60.59, 8.35, 90.06
300.8564,location,-60.39, 8.98, 90.28
301.8,diamond,-58.40, 10.66, 92.39
301.873,location,-58.40, 10.31, 92.39
302.7,diamond,-59.05, 10.08, 93.87
302.8731,location,-59.33, 10.08, 94.58
303.1,diamond,-59.09, 10.21, 95.75
303.38,diamond,-59.13, 10.13, 97.15
303.72,diamond,-59.24, 10.09, 98.85
303.8897,location,-59.06, 10.20, 99.62
304.12,diamond,-58.55, 9.95, 100.71
304.48,diamond,-58.02, 10.04, 102.26
304.8897,location,-57.03, 9.63, 102.12
305.9064,location,-58.92, 10.05, 100.09
306.9231,location,-59.09, 10.15, 95.36
307.56,diamond,-57.73, 10.08, 92.67
307.9231,location,-57.03, 10.07, 92.34
308.2731,jump,-58.22, 10.00, 92.23
308.9398,location,-59.57, 13.27, 91.59
309.9398,location,-61.46, 6.59, 89.32
310.9565,location,-62.54, 8.35, 89.08
311.9731,location,-63.08, 2.89, 88.36
312.9731,location,-63.18, 8.21, 88.36
313.9732,location,-64.04, 9.33, 84.45
314.3,diamond,-64.64, 9.33, 83.47
314.3232,jump,-64.74, 9.33, 83.43
314.62,diamond,-65.46, 11.04, 82.59
314.9898,location,-64.00, 11.04, 81.84
315.52,diamond,-65.63, 9.33, 80.96
315.6898,jump,-65.30, 9.33, 80.23
315.82,diamond,-65.18, 10.56, 79.54
316.0065,location,-65.24, 11.04, 78.65
316.16,diamond,-65.42, 11.04, 77.91
316.48,diamond,-65.66, 10.88, 76.41
316.88,diamond,-65.34, 9.33, 74.56
317.0232,location,-65.42, 9.33, 73.90
317.28,diamond,-65.29, 9.33, 72.61
318.0399,location,-65.95, 9.33, 70.87
319.0565,location,-65.44, 9.33, 75.09
320.0565,location,-63.92, 9.33, 78.83
321.0732,location,-65.11, 9.33, 83.36
321.18,diamond,-65.10, 9.33, 83.92
321.48,diamond,-65.58, 9.33, 85.28
322.0899,location,-66.21, 9.33, 86.74
323.1066,location,-70.88, 9.52, 89.65
324.1232,location,-71.57, 6.64, 89.69
325.1399,location,-70.55, 1.35, 91.64
326.1566,location,-66.10, 1.35, 92.92
326.4066,jump,-64.87, 1.35, 92.50
327.1566,location,-63.97, 4.64, 91.13
328.1733,location,-65.53, 1.35, 91.01
328.24,jump,-65.23, 1.35, 90.96
329.1733,location,-61.25, 7.37, 89.60
330.1899,location,-61.90, 3.87, 89.17
331.2066,location,-62.36, 7.09, 88.65
331.5066,jump,-62.36, 9.05, 88.65
332.2067,location,-64.23, 11.06, 86.72
333.2067,location,-66.86, 9.33, 86.69
334.2233,location,-67.63, 9.33, 87.04
335.24,location,-70.80, 9.52, 90.93
336.2567,location,-73.34, 6.85, 91.45
337.2733,location,-72.72, 1.35, 90.93
338.2734,location,-70.21, 1.35, 95.15
339.29,location,-68.36, 1.35, 99.28
340.29,location,-63.88, 1.35, 98.15
341.3067,location,-60.83, 1.35, 96.02
342.3234,location,-58.79, 1.35, 98.60
343.3234,location,-61.11, 1.35, 97.54
344.3401,location,-57.73, 1.35, 98.39
345.3568,location,-52.89, 1.35, 98.17
346.3734,location,-47.83, 1.33, 97.60
347.3901,location,-49.13, 1.33, 98.54
348.4068,location,-53.78, 1.35, 97.58
349.4235,location,-58.44, 1.35, 98.58
350.4402,location,-62.18, 1.35, 101.16
351.4568,location,-63.61, 1.35, 102.69
352.4735,location,-60.99, 1.35, 98.64
353.4901,location,-61.19, 1.35, 93.74
354.4902,location,-61.22, 1.35, 93.14
354.8735,jump,-61.24, 1.35, 92.54
355.5068,location,-61.17, 6.19, 89.86
356.5069,location,-62.13, 5.41, 88.61
357.5235,location,-62.13, 5.69, 88.61
358.5402,location,-63.90, 9.33, 86.54
359.5402,location,-65.57, 9.33, 87.22
360.5569,location,-65.57, 9.33, 87.22
361.5736,location,-65.57, 9.33, 87.22
361.9402,shoot,-65.57, 9.33, 87.22
362.5902,location,-65.57, 9.33, 87.22
363.5903,location,-67.23, 9.33, 87.25
364.607,location,-67.70, 9.33, 87.13
365.6236,location,-68.31, 9.52, 90.67
366.6403,location,-69.50, 9.52, 90.47
367.657,location,-67.77, 9.33, 86.89
368.6736,location,-67.14, 9.33, 87.22
369.6903,location,-67.09, 9.52, 89.65
370.707,location,-70.40, 1.35, 90.92
371.7237,location,-69.84, 1.35, 95.96
372.7403,location,-68.09, 1.35, 95.11
373.7404,location,-64.69, 1.35, 94.22
374.757,location,-63.01, 1.35, 94.54
375.757,location,-63.01, 1.35, 94.54
376.7737,location,-63.27, 1.35, 93.90
377.3071,jump,-63.34, 1.35, 92.90
377.7904,location,-62.21, 5.05, 90.84
378.7404,jump,-62.46, 6.81, 88.84
378.807,location,-62.61, 7.37, 88.60
379.8237,location,-61.73, 9.31, 87.85
380.8404,location,-64.10, 9.33, 86.85
381.8571,location,-66.89, 9.52, 89.26
382.56,lock no keyyellowKey,-69.64, 4.09, 88.33
382.8571,location,-69.58, 1.35, 89.01
383.8737,location,-67.14, 1.35, 90.57
384.8738,location,-63.95, 1.35, 94.16
385.4904,jump,-63.27, 1.35, 93.06
385.8738,location,-62.51, 4.59, 91.41
386.8238,jump,-62.22, 7.37, 88.55
386.8738,location,-62.34, 7.75, 88.39
387.8905,location,-64.36, 9.36, 87.50
388.9071,location,-66.97, 9.33, 86.61
389.9238,location,-67.92, 9.52, 89.13
390.4905,jump,-68.35, 9.33, 87.53
390.9405,location,-68.45, 11.10, 87.63
391.9405,location,-67.07, 9.33, 86.10
392.9406,location,-67.81, 9.33, 87.27
393.9572,location,-67.27, 9.52, 88.67
394.1238,jump,-68.05, 9.52, 88.29
394.9738,location,-70.64, 10.85, 87.42
395.38,diamond,-72.14, 9.33, 86.44
395.4072,jump,-72.24, 9.33, 86.42
395.46,diamond,-72.53, 9.89, 86.34
395.72,diamond,-73.71, 11.04, 85.81
395.82,diamond,-74.07, 11.04, 85.50
395.84,diamond,-74.09, 11.04, 85.40
395.9739,location,-74.21, 11.04, 84.81
396.04,diamond,-74.44, 11.04, 84.52
396.2,diamond,-75.19, 10.88, 84.70
396.28,diamond,-75.53, 10.66, 84.91
396.38,diamond,-75.93, 10.25, 85.20
396.4,diamond,-76.01, 10.15, 85.26
396.62,diamond,-76.96, 9.33, 85.68
396.6239,jump,-76.96, 9.33, 85.68
396.68,diamond,-77.17, 9.89, 85.51
396.7,diamond,-77.23, 10.06, 85.43
396.72,diamond,-77.29, 10.23, 85.34
396.9905,location,-78.29, 11.04, 84.78
397.98,diamond,-75.59, 9.33, 85.61
398.0072,location,-75.50, 9.33, 85.63
398.36,diamond,-73.89, 9.33, 85.47
399.0239,location,-74.65, 9.33, 84.38
399.9073,jump,-76.92, 9.33, 87.51
400.0406,location,-77.35, 10.56, 88.05
401.0573,location,-77.84, 10.81, 91.46
401.08,diamond,-77.72, 10.51, 91.62
401.52,diamond,-77.08, 10.03, 92.52
401.92,diamond,-76.20, 9.94, 94.30
402.0739,location,-75.96, 9.95, 94.96
402.28,diamond,-75.72, 10.13, 96.03
402.56,diamond,-75.99, 10.01, 97.39
402.96,diamond,-76.11, 10.05, 99.26
403.0906,location,-76.14, 10.06, 99.82
403.38,diamond,-76.13, 10.01, 101.19
403.78,diamond,-77.50, 9.94, 102.46
404.1073,location,-77.39, 9.96, 102.48
405.124,location,-74.33, 8.98, 101.27
406.1406,location,-72.92, 1.35, 102.66
407.1407,location,-70.99, 1.35, 106.87
408.1573,location,-68.91, 1.32, 107.89
409.12,diamond,-66.50, 1.35, 109.73
409.1573,location,-66.41, 1.35, 109.76
410,diamond,-62.43, 1.35, 110.23
410.174,location,-61.97, 1.35, 110.89
410.72,diamond,-61.19, 1.35, 112.86
411.1907,location,-60.93, 1.35, 114.44
411.76,diamond,-61.44, 1.35, 117.17
412.1907,location,-62.48, 1.35, 118.54
412.56,diamond,-64.15, 1.35, 118.45
413.1407,jump,-66.75, 1.35, 118.04
413.2074,location,-66.95, 1.91, 117.81
414.224,location,-67.84, 3.15, 117.20
414.38,diamond,-68.20, 1.82, 117.14
414.38,diamond,-68.20, 1.82, 117.14
414.68,diamond,-69.21, 1.35, 116.19
414.74,diamond,-69.15, 1.35, 115.90
414.92,diamond,-68.88, 1.35, 115.04
415,diamond,-68.76, 1.35, 114.66
415.14,diamond,-68.73, 1.35, 113.96
415.2,diamond,-68.77, 1.35, 113.67
415.2407,location,-68.79, 1.35, 113.47
416.2574,location,-69.57, 1.35, 112.55
417.06,diamond,-72.56, 1.35, 110.76
417.2741,location,-73.52, 1.35, 110.74
417.86,diamond,-76.24, 1.35, 110.23
418.2074,jump,-77.05, 1.35, 111.06
418.2907,location,-76.97, 2.09, 111.45
418.34,diamond,-76.90, 2.59, 111.74
418.66,diamond,-76.90, 4.30, 113.32
418.96,diamond,-77.20, 4.51, 114.79
419.3074,location,-77.13, 3.11, 116.47
419.38,diamond,-77.06, 2.53, 116.87
420.2574,jump,-77.98, 1.35, 116.71
420.3074,location,-77.91, 1.92, 116.42
421.3241,location,-77.77, 3.40, 115.60
421.5,diamond,-77.99, 2.04, 114.82
422.3241,location,-76.16, 1.35, 111.35
423.3408,location,-71.68, 1.35, 109.08
424.3575,location,-67.36, 1.35, 109.64
425.3741,location,-62.98, 1.35, 111.60
425.8741,jump,-61.62, 1.35, 113.01
426.3908,location,-62.54, 4.51, 113.11
427.1742,jump,-62.82, 3.38, 113.65
427.4075,location,-63.17, 5.38, 113.62
427.64,diamond,-64.37, 6.48, 113.61
427.66,diamond,-64.47, 6.53, 113.62
427.7,diamond,-64.67, 6.61, 113.64
428.14,diamond,-65.06, 5.98, 113.70
428.4242,location,-65.57, 5.35, 113.38
428.7075,jump,-66.39, 5.35, 113.68
429.4409,location,-68.70, 8.54, 116.17
430.3742,jump,-70.07, 5.88, 117.57
430.4575,location,-70.43, 6.63, 117.75
431.12,diamond,-73.00, 9.11, 117.42
431.24,diamond,-73.10, 8.83, 118.01
431.42,diamond,-73.41, 8.00, 118.26
431.4742,location,-73.41, 7.75, 118.26
431.54,diamond,-73.41, 7.18, 118.26
432.1242,jump,-73.34, 6.50, 118.65
432.4742,location,-73.19, 8.97, 119.54
432.88,diamond,-73.29, 9.62, 120.48
432.88,diamond,-73.29, 9.62, 120.48
432.92,diamond,-73.29, 9.54, 120.68
433.08,diamond,-73.27, 9.00, 121.08
433.3575,jump,-73.27, 8.18, 121.08
433.4909,location,-73.27, 9.43, 121.08
434.06,diamond,-73.13, 11.49, 122.88
434.06,diamond,-73.13, 11.49, 122.88
434.14,diamond,-73.16, 11.38, 123.25
434.5075,location,-73.62, 10.59, 123.59
434.82,diamond,-72.72, 10.56, 123.57
434.82,diamond,-72.72, 10.56, 123.57
434.92,diamond,-72.22, 10.56, 123.58
434.9576,jump,-72.12, 10.56, 123.59
435.04,diamond,-71.62, 11.48, 123.60
435.24,diamond,-70.62, 12.88, 123.63
435.28,diamond,-70.42, 13.09, 123.64
435.5076,location,-69.32, 13.80, 123.64
435.74,diamond,-68.12, 13.76, 123.58
435.88,diamond,-67.42, 13.33, 123.55
436.16,diamond,-66.03, 11.59, 123.71
436.18,diamond,-65.93, 11.42, 123.73
436.22,diamond,-65.74, 11.07, 123.76
436.4076,jump,-64.84, 10.62, 123.81
436.5,diamond,-64.34, 11.53, 123.82
436.5076,location,-64.34, 11.53, 123.82
437.5242,location,-65.93, 11.31, 123.39
437.6,diamond,-66.22, 10.70, 123.62
437.62,diamond,-66.29, 10.63, 123.70
438.08,diamond,-68.53, 10.66, 124.05
438.08,diamond,-68.53, 10.66, 124.05
438.5409,location,-70.83, 10.55, 124.04
438.5576,jump,-70.83, 10.55, 124.04
438.9,diamond,-72.33, 13.18, 124.01
439.5576,location,-72.73, 13.05, 124.00
440.2076,jump,-71.13, 10.49, 124.29
440.5576,location,-70.73, 12.98, 125.94
441.26,green key,-69.85, 12.51, 129.39
441.5743,location,-69.25, 12.48, 130.27
442.041,jump,-70.04, 12.05, 128.77
442.5909,location,-69.25, 15.00, 126.19
443.6076,location,-69.14, 9.23, 121.20
444.6076,location,-69.00, 6.02, 116.20
445.6243,location,-68.94, 5.11, 111.18
446.641,location,-69.42, 1.35, 107.30
447.641,location,-69.10, 1.35, 102.90
448.6577,location,-67.77, 1.35, 98.51
449.6743,location,-64.07, 1.35, 95.60
450.6744,location,-60.28, 1.35, 96.93
451.691,location,-56.09, 1.35, 97.49
452.7077,location,-54.82, 1.35, 97.73
453.7244,location,-58.59, 1.35, 98.64
454.7244,location,-57.47, 1.35, 94.87
455.7411,location,-58.15, 1.35, 92.08
456.7577,location,-58.42, 1.35, 90.88
456.8411,jump,-58.56, 1.35, 90.73
457.7578,location,-61.30, 7.51, 89.46
458.1244,jump,-61.40, 8.07, 88.67
458.7744,location,-63.55, 11.04, 86.88
459.7911,location,-63.94, 9.33, 81.85
460.7911,location,-64.98, 9.33, 77.27
461.8078,location,-64.45, 9.33, 72.49
462.34,lock unlockedgreenKey,-64.71, 9.33, 69.94
462.8078,location,-64.74, 9.33, 68.40
463.8245,location,-65.07, 9.33, 68.59
464.54,diamond,-63.35, 9.33, 66.51
464.58,diamond,-63.15, 9.33, 66.46
464.6745,jump,-62.77, 9.33, 66.36
464.74,diamond,-62.38, 10.08, 66.27
464.74,diamond,-62.38, 10.08, 66.27
464.74,diamond,-62.38, 10.08, 66.27
464.82,diamond,-61.98, 10.73, 66.19
464.8245,location,-61.98, 10.73, 66.19
465.46,diamond,-60.87, 10.90, 66.22
465.58,diamond,-61.07, 10.54, 65.70
465.8412,location,-60.77, 9.33, 64.44
466.8578,location,-63.81, 9.33, 64.26
467.26,diamond,-64.94, 9.33, 62.64
467.3912,jump,-65.15, 9.33, 62.08
467.8745,location,-66.81, 11.04, 60.66
467.96,diamond,-66.89, 11.04, 61.15
468.62,diamond,-69.26, 9.34, 61.90
468.8912,location,-70.55, 9.34, 61.73
469.1,diamond,-71.65, 9.34, 61.66
469.48,diamond,-73.55, 9.34, 61.62
469.9079,location,-75.65, 9.34, 61.62
470.04,diamond,-76.35, 9.34, 61.60
470.5,diamond,-78.64, 9.34, 61.44
470.86,diamond,-80.32, 9.34, 61.69
470.9079,location,-80.52, 9.34, 61.68
471.52,yellow key,-83.60, 9.34, 61.35
471.9245,location,-85.43, 9.34, 61.26
472.9412,location,-81.61, 9.34, 61.59
473.9579,location,-76.63, 9.34, 61.30
474.9579,location,-71.63, 9.34, 61.11
475.9746,location,-66.69, 9.33, 61.24
476.9912,location,-66.24, 9.33, 65.62
478.0079,location,-66.21, 9.33, 70.50
479.0246,location,-65.77, 9.33, 69.57
480.0246,location,-62.75, 9.33, 66.55
480.16,diamond,-62.05, 9.33, 66.62
481.0246,location,-63.51, 9.33, 65.75
482.0413,location,-64.42, 9.33, 70.40
483.0413,location,-65.47, 9.33, 74.69
484.058,location,-64.67, 9.33, 79.34
485.0746,location,-65.71, 9.33, 83.81
486.0747,location,-67.29, 9.33, 86.33
487.0913,location,-67.04, 9.52, 88.04
488.0913,location,-65.08, 7.36, 92.42
489.0914,location,-62.01, 1.35, 94.16
490.108,location,-66.20, 1.35, 92.03
490.8,lock unlockedyellowKey,-68.25, 1.35, 89.45
491.1247,location,-68.97, 1.35, 88.30
492.1414,location,-69.45, 1.35, 89.32
493.12,diamond,-69.01, 1.33, 84.72
493.158,location,-69.00, 1.33, 84.62
493.3747,jump,-68.94, 1.33, 83.53
494.1581,location,-68.51, 4.53, 81.56
494.58,diamond,-68.49, 2.30, 81.06
494.82,diamond,-68.42, 1.33, 79.86
495.1747,location,-68.36, 1.33, 78.17
495.36,diamond,-68.75, 1.33, 77.33
495.96,diamond,-68.84, 1.33, 74.34
495.9747,jump,-68.84, 1.33, 74.34
496.1914,location,-68.88, 3.15, 73.24
496.76,diamond,-68.97, 4.49, 70.35
497.2081,location,-68.60, 3.62, 69.42
497.86,diamond,-69.82, 3.56, 69.16
498.2248,location,-71.60, 3.46, 68.91
498.3,diamond,-72.00, 3.44, 68.88
498.6248,jump,-73.60, 3.43, 68.95
499.2248,location,-76.59, 6.61, 68.88
499.72,diamond,-75.99, 5.13, 68.92
500.12,diamond,-77.19, 2.68, 69.03
500.2415,location,-77.79, 2.37, 69.01
500.5,diamond,-79.09, 1.33, 68.98
501.2581,location,-80.58, 1.33, 71.21
501.7415,jump,-79.77, 1.33, 73.45
502.2748,location,-78.63, 4.37, 75.79
502.34,diamond,-78.44, 4.48, 76.14
502.4,diamond,-78.30, 4.49, 76.41
502.4,diamond,-78.30, 4.49, 76.41
502.44,diamond,-78.21, 4.48, 76.58
502.44,diamond,-78.21, 4.48, 76.58
502.5,diamond,-78.06, 4.40, 76.84
502.5,diamond,-78.06, 4.40, 76.84
502.54,diamond,-78.01, 4.33, 76.93
502.68,diamond,-78.01, 3.86, 76.93
502.72,diamond,-78.01, 3.68, 76.93
502.8,diamond,-78.01, 3.23, 76.93
502.8,diamond,-78.01, 3.23, 76.93
502.92,diamond,-78.01, 2.39, 76.93
502.98,diamond,-78.01, 2.05, 76.93
502.98,diamond,-78.01, 2.05, 76.93
503.04,diamond,-77.90, 2.05, 77.10
503.04,diamond,-77.90, 2.05, 77.10
503.2915,location,-77.90, 2.05, 77.10
503.32,diamond,-77.77, 2.05, 77.25
503.34,diamond,-77.71, 2.05, 77.33
503.7415,jump,-77.58, 2.05, 77.48
503.8,diamond,-77.58, 2.61, 77.48
503.8,diamond,-77.58, 2.61, 77.48
503.88,diamond,-77.58, 3.27, 77.48
504,diamond,-77.58, 4.08, 77.48
504.02,diamond,-77.58, 4.19, 77.48
504.14,diamond,-77.58, 4.75, 77.48
504.14,diamond,-77.58, 4.75, 77.48
504.16,diamond,-77.58, 4.82, 77.48
504.16,diamond,-77.58, 4.82, 77.48
504.3082,location,-77.58, 5.16, 77.48
505.3248,location,-77.12, 2.05, 77.72
506.1082,jump,-79.12, 2.05, 79.26
506.3248,location,-79.57, 3.86, 80.26
507.3415,location,-82.49, 2.74, 83.78
507.92,diamond,-83.96, 1.33, 85.63
508.32,diamond,-82.42, 1.33, 86.58
508.3415,location,-82.32, 1.33, 86.58
508.88,diamond,-79.65, 1.33, 86.41
509.3582,location,-77.37, 1.33, 86.70
509.36,diamond,-77.27, 1.33, 86.70
509.84,diamond,-74.87, 1.33, 86.71
510.3749,location,-72.73, 1.33, 85.81
511.3915,location,-73.10, 1.33, 81.43
511.7082,jump,-74.16, 1.33, 80.24
512.4082,location,-76.35, 4.55, 77.64
513.4249,location,-75.95, 1.33, 73.05
513.4416,jump,-75.94, 1.33, 72.95
514.4249,location,-72.36, 3.68, 70.09
514.6749,jump,-72.06, 3.46, 68.94
515.4416,location,-71.94, 6.66, 65.10
516.4583,location,-76.33, 5.33, 64.82
517.4749,location,-80.53, 5.33, 65.39
517.7,hold button enter,-81.67, 5.33, 65.33
518.4916,location,-83.62, 5.33, 65.26
519.5083,location,-81.72, 5.33, 65.23
520.525,location,-83.63, 5.33, 65.67
521.5416,location,-83.63, 5.33, 65.67
522.5583,location,-83.63, 5.33, 65.67
523.575,location,-83.63, 5.33, 65.67
524.1917,shoot,-83.63, 5.33, 65.67
524.575,location,-83.63, 5.33, 65.67
524.86,pole sphere activated,-83.63, 5.33, 65.67
525.5917,location,-83.63, 5.33, 65.67
526.6083,location,-83.63, 5.33, 65.67
527.6251,location,-82.43, 5.33, 65.70
528.32,hold button leave,-81.39, 5.33, 65.26
528.6417,location,-80.02, 5.33, 66.09
529.6417,location,-78.03, 5.33, 64.79
530.6584,location,-76.39, 5.33, 64.88
531.675,location,-72.74, 5.33, 67.32
532.6917,location,-74.83, 3.27, 70.22
533.7084,location,-73.47, 2.10, 70.95
534.7084,location,-76.98, 1.33, 72.49
535.7251,location,-76.98, 1.33, 72.49
536.7418,location,-76.98, 1.33, 72.49
537.7584,location,-76.98, 1.33, 72.49
538.7751,location,-76.98, 1.33, 72.49
539.7418,shoot,-76.98, 1.33, 72.49
539.7917,location,-76.98, 1.33, 72.49
540.7918,location,-76.98, 1.33, 72.49
541.8085,location,-75.47, 1.33, 74.73
542.8251,location,-74.95, 1.33, 77.43
543.8418,location,-74.95, 1.33, 77.43
544.8585,location,-74.95, 1.33, 77.43
545.4085,shoot,-74.95, 1.33, 77.43
545.8752,location,-74.95, 1.33, 77.43
546.8918,location,-74.53, 1.33, 76.63
547.9085,location,-75.85, 1.33, 74.25
548.9252,location,-75.14, 1.33, 73.07
549.2419,jump,-75.63, 1.33, 72.22
549.9418,location,-73.95, 4.48, 70.19
550.4919,jump,-72.56, 3.43, 68.89
550.9419,location,-73.39, 6.40, 66.79
551.9586,location,-78.01, 5.33, 66.17
552.74,hold button enter,-81.68, 5.33, 65.59
552.9752,location,-82.64, 5.33, 66.08
553.9753,location,-83.84, 5.33, 66.05
554.9919,location,-83.84, 5.33, 66.05
556.0086,location,-83.84, 5.33, 66.05
556.5086,shoot,-83.84, 5.33, 66.05
556.78,pole sphere activated,-83.84, 5.33, 66.05
557.0253,location,-83.84, 5.33, 66.05
558.0419,location,-84.28, 5.33, 65.69
559.0586,location,-83.13, 5.33, 66.18
560.0753,location,-83.13, 5.33, 66.18
561.092,location,-83.13, 5.33, 66.18
561.2586,shoot,-83.13, 5.33, 66.18
562.1086,location,-83.13, 5.33, 66.18
563.1253,location,-83.13, 5.33, 66.18
564.142,location,-83.13, 5.33, 66.18
564.4587,shoot,-83.13, 5.33, 66.18
565.1586,location,-83.13, 5.33, 66.18
566.1587,location,-83.13, 5.33, 66.18
567.1754,location,-83.13, 5.33, 66.18
568.192,location,-83.13, 5.33, 66.18
569.2087,location,-83.13, 5.33, 66.18
569.392,shoot,-83.13, 5.33, 66.18
569.94,pole sphere activated,-83.13, 5.33, 66.18
570.2254,location,-83.13, 5.33, 66.18
571.2421,location,-83.13, 5.33, 66.18
571.9587,shoot,-83.13, 5.33, 66.18
572.2587,location,-83.13, 5.33, 66.18
573.2755,location,-83.55, 5.33, 65.84
573.76,hold button leave,-81.81, 5.33, 66.64
573.942,jump,-80.97, 5.33, 66.98
574.2921,location,-80.32, 7.77, 68.55
575.3088,location,-78.87, 4.73, 73.26
576.1921,jump,-78.28, 1.33, 74.96
576.3254,location,-77.81, 2.60, 75.36
577.3421,location,-78.14, 2.76, 76.81
578.3588,location,-78.36, 2.05, 76.97
579.3588,location,-78.36, 2.05, 76.97
580.3754,location,-78.36, 2.05, 76.97
581.3755,location,-78.36, 2.05, 76.97
582.3922,location,-78.36, 2.05, 76.97
583.4088,location,-78.36, 2.05, 76.97
584.4089,location,-78.36, 2.05, 76.97
585.4255,location,-78.36, 2.05, 76.97
586.4422,location,-78.36, 2.05, 76.97
587.4589,location,-78.36, 2.05, 76.97
588.4755,location,-78.36, 2.05, 76.97
589.4922,location,-78.36, 2.05, 76.97
589.8922,shoot,-78.36, 2.05, 76.97
590.34,pole sphere activated,-78.36, 2.05, 76.97
590.5089,location,-78.36, 3.17, 76.97
590.82,diamond,-78.36, 5.73, 76.97
590.86,diamond,-78.36, 6.05, 76.97
590.92,diamond,-78.36, 6.53, 76.97
590.98,diamond,-78.36, 7.01, 76.97
591.04,diamond,-78.36, 7.49, 76.97
591.08,diamond,-78.36, 7.81, 76.97
591.32,blue key,-78.36, 9.73, 76.97
591.5089,location,-78.22, 9.09, 77.11
591.52,diamond,-78.14, 8.93, 77.18
591.58,diamond,-77.92, 8.45, 77.38
591.58,diamond,-77.92, 8.45, 77.38
591.6,diamond,-77.85, 8.29, 77.45
591.62,diamond,-77.85, 8.13, 77.45
591.66,diamond,-77.85, 7.81, 77.45
592.5256,location,-77.85, 3.01, 77.45
592.6589,jump,-77.85, 3.97, 77.45
593.5422,location,-77.85, 9.74, 77.45
594.5589,location,-75.66, 3.17, 78.51
595.5756,location,-72.44, 1.33, 81.49
596.5756,location,-72.28, 1.33, 83.66
597.5923,location,-69.75, 1.32, 87.54
598.6089,location,-68.75, 1.35, 91.89
599.6256,location,-72.53, 1.35, 93.60
600.6257,location,-74.61, 1.35, 93.58
601.62,lock unlockedblueKey,-77.59, 1.35, 96.61
601.6423,location,-77.68, 1.35, 96.63
602.659,location,-78.80, 1.35, 97.28
603.6757,location,-81.74, 1.40, 97.91
604.6924,location,-86.51, 1.47, 97.19
605.709,location,-91.54, 1.41, 97.47
605.9,game end,-92.54, 1.37, 97.41
